<?xml version="1.0" encoding="UTF-8" standalone="no"?>
<!DOCTYPE svg PUBLIC "-//W3C//DTD SVG 20010904//EN"
              "http://www.w3.org/TR/2001/REC-SVG-20010904/DTD/svg10.dtd">

<svg xmlns="http://www.w3.org/2000/svg"
     width="71.7128mm" height="87.1222mm"
     viewBox="0 0 847 1029">
  <path id="1 black background"
        fill="none" stroke="black" stroke-width="1"
        d="M 423.00,13.00
           C 436.33,9.21 456.33,15.21 469.00,19.95
             499.74,31.45 528.66,55.17 545.94,83.00
             552.02,92.80 554.53,100.81 559.00,111.00
             563.38,101.20 571.46,91.57 579.00,84.00
             588.92,74.05 599.93,65.43 613.00,60.01
             616.71,58.47 624.09,55.60 628.00,57.19
             631.83,58.76 634.44,63.49 636.24,67.00
             636.24,67.00 646.05,89.00 646.05,89.00
             655.39,113.98 661.15,140.41 663.09,167.00
             663.09,167.00 664.00,179.00 664.00,179.00
             664.00,179.00 664.00,193.00 664.00,193.00
             669.27,190.51 672.22,186.99 675.12,182.00
             685.97,163.37 680.25,148.23 673.00,130.00
             678.96,129.27 682.09,133.95 685.96,138.00
             696.12,148.63 701.82,163.30 702.00,178.00
             702.27,201.54 698.70,215.46 683.25,234.00
             678.02,240.27 675.45,242.61 669.00,247.57
             662.82,252.33 657.75,254.13 657.35,263.00
             657.11,268.19 660.63,269.79 663.91,273.09
             668.34,277.55 674.88,285.68 678.30,291.00
             688.69,307.15 691.22,323.24 691.00,342.00
             690.80,358.76 684.11,375.85 675.55,390.00
             675.55,390.00 663.85,406.00 663.85,406.00
             662.89,408.39 662.17,419.71 661.83,423.00
             661.24,428.83 659.20,438.31 657.57,444.00
             650.21,469.80 632.98,492.84 610.00,506.80
             602.90,511.10 594.25,515.71 586.00,517.00
             588.68,522.36 593.58,524.42 599.00,526.54
             612.02,531.63 626.86,531.13 639.00,523.91
             646.68,519.34 647.79,515.84 654.00,511.00
             657.22,523.27 644.97,544.75 637.38,554.00
             630.76,562.08 619.16,572.63 610.00,577.69
             610.00,577.69 590.00,586.81 590.00,586.81
             590.00,586.81 570.00,602.30 570.00,602.30
             558.55,609.55 538.60,614.96 525.00,615.00
             527.93,622.67 533.46,628.85 538.73,635.00
             538.73,635.00 566.98,666.00 566.98,666.00
             570.09,669.34 578.11,680.27 582.01,681.08
             585.05,681.70 592.02,678.27 595.00,677.00
             608.31,671.30 621.43,662.21 630.67,651.00
             635.39,645.29 640.63,633.37 641.70,626.00
             642.58,619.96 640.87,612.88 645.00,608.00
             656.54,627.45 658.30,648.60 648.03,669.00
             648.03,669.00 633.00,692.00 633.00,692.00
             633.00,692.00 659.00,689.04 659.00,689.04
             659.00,689.04 668.00,689.04 668.00,689.04
             668.00,689.04 685.00,688.00 685.00,688.00
             685.00,688.00 697.00,688.91 697.00,688.91
             712.00,689.94 726.43,691.70 741.00,695.74
             780.21,706.63 818.45,737.22 830.43,777.00
             834.07,789.07 833.81,794.87 834.26,807.00
             834.82,822.37 829.83,832.24 824.00,846.00
             824.00,846.00 822.00,846.00 822.00,846.00
             822.00,846.00 807.55,803.00 807.55,803.00
             802.04,789.50 794.27,779.23 784.00,769.00
             778.73,763.75 772.00,757.72 765.00,755.00
             767.61,760.52 770.84,762.59 774.83,767.00
             780.83,773.64 786.47,780.60 791.50,788.00
             803.09,805.06 808.76,818.28 814.15,838.00
             814.15,838.00 817.56,851.00 817.56,851.00
             818.67,858.05 819.08,870.69 819.00,878.00
             818.90,886.38 816.61,898.89 814.29,907.00
             810.41,920.60 803.84,932.73 795.37,944.00
             763.96,985.82 711.50,1004.02 661.00,1008.96
             661.00,1008.96 651.00,1008.96 651.00,1008.96
             651.00,1008.96 639.00,1010.00 639.00,1010.00
             639.00,1010.00 612.00,1008.83 612.00,1008.83
             612.00,1008.83 594.00,1007.18 594.00,1007.18
             594.00,1007.18 575.00,1010.73 575.00,1010.73
             575.00,1010.73 542.00,1015.00 542.00,1015.00
             542.00,1015.00 533.00,1015.00 533.00,1015.00
             533.00,1015.00 523.00,1016.00 523.00,1016.00
             523.00,1016.00 507.00,1014.96 507.00,1014.96
             507.00,1014.96 497.00,1014.96 497.00,1014.96
             478.21,1013.04 455.90,1007.48 439.00,999.03
             428.91,993.99 420.66,988.28 412.00,981.08
             409.25,978.79 403.35,972.79 400.00,972.70
             397.48,972.64 394.09,975.01 392.00,976.32
             392.00,976.32 376.00,986.50 376.00,986.50
             358.26,998.10 340.27,1013.74 318.00,1014.00
             306.04,1014.14 306.11,1013.15 295.00,1011.42
             259.24,1005.87 220.76,987.15 198.50,958.00
             193.93,952.01 188.51,943.18 186.22,936.00
             186.22,936.00 181.75,916.00 181.75,916.00
             181.75,916.00 173.17,898.00 173.17,898.00
             169.58,888.72 168.89,880.80 169.00,871.00
             169.42,835.41 206.35,808.72 237.00,798.51
             251.23,793.77 270.02,790.00 285.00,790.00
             281.36,783.56 276.03,787.29 270.00,787.83
             270.00,787.83 255.00,786.72 255.00,786.72
             237.58,784.60 221.22,780.74 205.00,773.99
             205.00,773.99 184.00,763.14 184.00,763.14
             184.00,763.14 167.00,765.00 167.00,765.00
             161.62,765.06 156.02,765.28 151.00,763.03
             135.87,756.25 130.00,732.59 125.34,718.00
             114.03,682.54 111.32,641.21 120.37,605.00
             122.10,598.09 126.64,584.53 129.43,578.00
             131.59,572.93 134.48,568.33 136.00,563.00
             124.39,563.00 116.63,563.49 105.00,560.99
             83.71,556.40 65.45,543.28 53.70,525.00
             48.11,516.31 42.10,499.22 45.00,489.00
             45.00,489.00 55.00,493.53 55.00,493.53
             66.71,497.44 91.14,499.43 100.45,489.61
             102.81,487.12 104.17,483.31 104.88,480.00
             105.48,477.20 106.02,473.85 105.82,471.00
             104.22,448.69 89.19,423.02 79.25,403.00
             63.73,371.75 53.13,334.37 68.78,301.00
             74.42,288.97 77.66,285.34 87.00,276.00
             87.00,276.00 81.00,276.00 81.00,276.00
             61.06,275.91 39.24,262.51 28.55,246.00
             24.23,239.33 21.77,230.89 21.07,223.00
             20.91,221.08 20.16,216.32 22.40,215.41
             24.70,214.48 30.85,218.62 33.00,219.85
             39.38,223.49 51.94,230.01 59.00,231.00
             50.24,227.03 44.68,221.71 38.00,215.00
             -1.89,174.94 1.61,96.72 54.00,69.00
             54.32,76.03 47.36,81.90 45.16,90.00
             39.21,111.85 46.71,138.20 71.00,144.10
             87.22,148.04 106.64,138.41 120.00,129.95
             120.00,129.95 206.00,69.20 206.00,69.20
             225.28,57.50 239.74,49.45 261.00,41.64
             312.83,21.87 373.72,19.19 425.00,41.64
             435.74,46.61 448.98,54.76 457.99,62.26
             457.99,62.26 474.00,77.00 474.00,77.00
             459.37,56.40 459.84,54.06 441.58,33.00
             434.87,25.26 426.30,21.13 423.00,13.00 Z
           M 714.00,68.00
           C 714.00,68.00 727.00,55.06 727.00,55.06
             728.69,53.55 730.52,51.72 733.00,52.34
             734.94,52.82 737.57,55.60 739.00,57.00
             739.00,57.00 751.00,69.00 751.00,69.00
             752.94,70.91 755.92,74.61 759.00,73.80
             760.86,73.31 763.61,70.37 765.00,69.00
             765.00,69.00 777.00,57.00 777.00,57.00
             779.27,54.77 782.41,50.93 786.00,52.17
             788.40,53.00 796.97,61.73 798.85,64.00
             800.38,65.85 801.70,67.49 800.83,70.00
             799.84,72.88 787.90,84.08 785.00,87.00
             783.24,88.77 779.04,92.40 779.04,95.00
             779.04,97.20 781.59,99.52 783.01,101.00
             783.01,101.00 796.00,114.00 796.00,114.00
             797.93,115.97 801.44,118.89 800.66,122.00
             800.05,124.45 794.00,130.01 792.00,132.00
             789.12,134.86 787.33,136.62 784.00,139.00
             784.00,139.00 758.00,113.00 758.00,113.00
             753.81,118.85 746.28,125.74 741.00,131.00
             739.26,132.74 735.27,137.10 733.00,137.66
             730.91,138.19 729.53,137.06 728.00,135.84
             725.02,133.44 714.39,123.79 715.34,120.00
             715.90,117.73 720.26,113.74 722.00,112.00
             722.00,112.00 740.00,94.00 740.00,94.00
             734.39,89.99 718.01,73.61 714.00,68.00 Z
           M 737.00,537.00
           C 737.00,537.00 762.00,537.00 762.00,537.00
             762.00,537.00 762.00,574.00 762.00,574.00
             762.00,574.00 799.00,574.00 799.00,574.00
             799.00,574.00 799.00,599.00 799.00,599.00
             799.00,599.00 762.00,599.00 762.00,599.00
             762.00,599.00 762.00,636.00 762.00,636.00
             762.00,636.00 737.00,636.00 737.00,636.00
             737.00,636.00 737.00,599.00 737.00,599.00
             737.00,599.00 700.00,599.00 700.00,599.00
             700.00,599.00 700.00,574.00 700.00,574.00
             700.00,574.00 737.00,574.00 737.00,574.00
             737.00,574.00 737.00,537.00 737.00,537.00 Z
           M 66.00,849.00
           C 66.00,849.00 91.00,849.00 91.00,849.00
             91.00,849.00 91.00,886.00 91.00,886.00
             91.00,886.00 128.00,886.00 128.00,886.00
             128.00,886.00 128.00,911.00 128.00,911.00
             128.00,911.00 91.00,911.00 91.00,911.00
             91.00,911.00 91.00,948.00 91.00,948.00
             91.00,948.00 66.00,948.00 66.00,948.00
             66.00,948.00 66.00,911.00 66.00,911.00
             66.00,911.00 29.00,911.00 29.00,911.00
             29.00,911.00 29.00,886.00 29.00,886.00
             29.00,886.00 66.00,886.00 66.00,886.00
             66.00,886.00 66.00,849.00 66.00,849.00 Z" />
</svg>
