<?xml version="1.0" encoding="UTF-8" standalone="no"?>
<!DOCTYPE svg PUBLIC "-//W3C//DTD SVG 20010904//EN"
              "http://www.w3.org/TR/2001/REC-SVG-20010904/DTD/svg10.dtd">

<svg xmlns="http://www.w3.org/2000/svg"
     width="71.7128mm" height="112.522mm"
     viewBox="0 0 847 1329">
  <path id="1 Lettering Background"
        fill="none" stroke="black" stroke-width="1"
        d="M 205.00,146.00
           C 193.02,140.32 190.86,127.84 191.00,116.00
             191.10,107.68 195.97,95.73 200.79,89.00
             208.66,78.00 228.63,62.11 240.00,54.10
             247.74,48.64 249.29,43.84 260.00,37.45
             271.33,30.70 275.59,31.16 288.00,31.00
             297.02,30.88 296.90,28.12 307.00,28.23
             310.47,27.96 315.70,27.84 319.00,28.23
             322.98,29.22 326.45,30.90 330.00,32.78
             343.20,39.77 348.18,47.18 353.00,61.00
             365.12,48.88 369.85,41.80 388.00,42.00
             398.81,42.13 400.90,45.82 405.00,45.55
             408.24,45.34 411.23,42.30 418.00,41.30
             418.00,41.30 434.42,40.79 434.42,40.79
             434.42,40.79 444.00,35.93 444.00,35.93
             449.25,33.83 453.49,33.94 459.00,34.00
             464.45,34.07 468.11,34.74 473.00,37.33
             473.00,37.33 480.42,41.64 480.42,41.64
             480.42,41.64 496.00,41.00 496.00,41.00
             510.01,41.12 507.08,34.19 523.00,34.00
             528.01,33.95 532.18,33.83 537.00,35.55
             552.83,41.18 558.89,58.43 555.32,74.00
             554.59,77.20 553.27,79.99 552.00,83.00
             561.75,74.14 571.98,71.38 585.00,73.30
             591.23,74.22 593.81,76.80 596.42,76.78
             598.18,76.77 601.96,74.85 604.00,74.22
             608.12,72.94 610.79,73.01 615.00,73.00
             624.28,72.99 631.88,74.25 638.82,81.18
             638.82,81.18 646.21,90.83 646.21,90.83
             652.15,97.12 655.89,98.76 658.78,108.00
             660.47,113.41 660.06,122.14 660.00,128.00
             660.00,128.00 658.00,150.00 658.00,150.00
             658.00,150.00 658.00,177.00 658.00,177.00
             658.00,193.55 659.52,228.68 654.45,243.00
             650.62,253.83 643.04,263.46 635.58,272.00
             629.56,278.88 618.68,287.35 610.00,290.45
             600.33,293.91 589.20,293.12 579.00,293.00
             561.74,292.79 539.80,285.18 532.93,268.00
             530.74,262.53 531.00,258.70 531.00,253.00
             527.14,255.95 523.70,258.31 519.00,259.78
             502.44,264.96 480.03,257.16 478.00,238.00
             470.22,243.84 466.36,252.19 456.00,257.67
             439.20,266.57 412.23,259.05 410.00,238.00
             403.52,243.05 400.37,249.79 393.00,255.47
             380.96,264.75 359.22,264.85 348.18,253.82
             341.25,246.89 343.09,242.01 336.00,234.00
             327.75,249.41 309.56,268.51 294.00,276.68
             294.00,276.68 283.00,280.87 283.00,280.87
             278.67,282.68 274.57,284.88 270.00,286.08
             266.94,286.88 265.11,286.96 262.00,287.00
             248.46,287.16 241.43,287.51 229.00,280.69
             223.44,277.64 218.43,273.55 214.04,269.00
             207.85,262.59 204.51,256.98 200.78,249.00
             196.37,239.57 197.71,238.20 196.83,229.00
             196.83,229.00 196.00,220.00 196.00,220.00
             196.00,220.00 196.00,208.00 196.00,208.00
             195.98,195.11 191.77,197.51 188.93,187.00
             187.85,183.04 187.96,179.07 188.00,175.00
             188.16,161.88 194.87,153.67 205.00,146.00 Z
           M 99.00,70.00
           C 99.00,70.00 124.00,70.00 124.00,70.00
             124.00,70.00 124.00,107.00 124.00,107.00
             124.00,107.00 161.00,107.00 161.00,107.00
             161.00,107.00 161.00,132.00 161.00,132.00
             161.00,132.00 124.00,132.00 124.00,132.00
             124.00,132.00 124.00,169.00 124.00,169.00
             124.00,169.00 99.00,169.00 99.00,169.00
             99.00,169.00 99.00,132.00 99.00,132.00
             99.00,132.00 62.00,132.00 62.00,132.00
             62.00,132.00 62.00,107.00 62.00,107.00
             62.00,107.00 99.00,107.00 99.00,107.00
             99.00,107.00 99.00,70.00 99.00,70.00 Z
           M 552.00,83.00
           C 552.00,83.00 551.00,83.00 551.00,83.00
             551.00,83.00 552.00,84.00 552.00,84.00
             552.00,84.00 552.00,83.00 552.00,83.00 Z
           M 685.00,109.00
           C 685.00,109.00 697.00,97.02 697.00,97.02
             698.51,95.58 700.76,93.20 703.00,93.20
             705.24,93.20 707.49,95.58 709.00,97.02
             709.00,97.02 722.00,110.00 722.00,110.00
             723.63,111.60 726.58,114.96 729.00,114.96
             731.20,114.96 733.52,112.41 735.00,110.99
             735.00,110.99 748.00,98.00 748.00,98.00
             750.27,95.77 753.41,91.93 757.00,93.17
             759.43,94.01 764.95,99.94 767.00,102.00
             769.86,104.88 771.62,106.67 774.00,110.00
             774.00,110.00 756.00,128.00 756.00,128.00
             754.24,129.77 750.04,133.40 750.04,136.00
             750.04,138.20 752.59,140.52 754.01,142.00
             754.01,142.00 767.00,155.00 767.00,155.00
             768.93,156.97 772.44,159.89 771.66,163.00
             771.05,165.45 765.00,171.01 763.00,173.00
             760.12,175.86 758.33,177.62 755.00,180.00
             755.00,180.00 729.00,154.00 729.00,154.00
             724.99,159.61 708.61,175.99 703.00,180.00
             703.00,180.00 690.06,167.00 690.06,167.00
             688.24,165.00 686.16,162.92 687.17,160.00
             687.94,157.76 692.22,153.78 694.00,152.00
             694.00,152.00 711.00,135.00 711.00,135.00
             705.39,130.99 689.01,114.61 685.00,109.00 Z" />
</svg>
