<?xml version="1.0" encoding="UTF-8" standalone="no"?>
<!DOCTYPE svg PUBLIC "-//W3C//DTD SVG 20010904//EN"
              "http://www.w3.org/TR/2001/REC-SVG-20010904/DTD/svg10.dtd">

<svg xmlns="http://www.w3.org/2000/svg"
     width="71.7128mm" height="112.522mm"
     viewBox="0 0 847 1329">
  <path id="2 filly green fixed"
        fill="none" stroke="black" stroke-width="1"
        d="M 718.00,340.00
           C 718.00,340.00 731.00,327.06 731.00,327.06
             732.69,325.55 734.52,323.72 737.00,324.34
             738.94,324.82 741.57,327.60 743.00,329.00
             743.00,329.00 755.00,341.00 755.00,341.00
             756.94,342.91 759.92,346.61 763.00,345.80
             764.86,345.31 767.61,342.37 769.00,341.00
             769.00,341.00 781.00,329.00 781.00,329.00
             783.27,326.77 786.41,322.93 790.00,324.17
             792.40,325.00 800.97,333.73 802.85,336.00
             804.38,337.85 805.70,339.49 804.83,342.00
             803.84,344.88 791.90,356.08 789.00,359.00
             787.24,360.77 783.04,364.40 783.04,367.00
             783.04,369.20 785.59,371.52 787.01,373.00
             787.01,373.00 800.00,386.00 800.00,386.00
             801.93,387.97 805.44,390.89 804.66,394.00
             804.05,396.45 798.00,402.01 796.00,404.00
             793.12,406.86 791.33,408.62 788.00,411.00
             788.00,411.00 762.00,385.00 762.00,385.00
             757.81,390.85 750.28,397.74 745.00,403.00
             743.26,404.74 739.27,409.10 737.00,409.66
             734.91,410.19 733.53,409.06 732.00,407.84
             729.02,405.44 718.39,395.79 719.34,392.00
             719.90,389.73 724.26,385.74 726.00,384.00
             726.00,384.00 744.00,366.00 744.00,366.00
             738.39,361.99 722.01,345.61 718.00,340.00 Z
           M 570.00,562.00
           C 566.89,550.47 558.51,537.60 553.00,511.00
             542.70,461.23 549.81,400.63 587.00,363.00
             597.99,351.89 613.04,339.50 629.00,337.00
             637.42,358.04 643.87,369.96 649.63,393.00
             664.51,452.53 661.09,515.93 641.67,574.00
             636.43,589.66 627.51,608.31 618.33,622.00
             614.37,627.91 607.68,636.97 602.00,641.06
             597.23,644.49 593.37,644.90 588.00,646.67
             576.84,650.34 573.55,652.73 561.00,653.00
             561.00,653.00 564.00,657.00 564.00,657.00
             537.97,668.21 510.24,690.61 494.34,714.00
             486.17,726.02 479.17,742.26 479.00,757.00
             478.84,771.67 483.39,785.86 493.18,797.00
             493.18,797.00 508.94,812.09 508.94,812.09
             509.59,813.86 509.00,820.56 508.94,823.00
             508.94,823.00 508.94,842.00 508.94,842.00
             509.12,851.54 512.46,873.45 516.31,882.00
             522.53,895.79 536.66,911.85 546.92,923.00
             546.92,923.00 584.20,966.00 584.20,966.00
             604.93,993.13 616.55,1020.88 618.23,1055.00
             618.41,1063.50 619.76,1062.86 618.23,1073.00
             617.56,1079.52 617.15,1094.73 614.07,1099.98
             612.64,1102.42 611.18,1103.38 609.00,1105.00
             610.49,1097.07 612.46,1085.49 605.86,1079.23
             604.17,1077.62 602.37,1076.58 600.00,1076.55
             598.24,1076.52 595.69,1077.46 594.00,1078.00
             598.88,1098.07 590.45,1123.26 571.00,1132.23
             564.33,1135.31 555.79,1139.66 549.06,1134.43
             542.76,1129.54 542.06,1119.08 544.13,1112.00
             546.06,1106.76 550.75,1100.00 544.13,1096.18
             539.45,1093.70 529.04,1097.48 524.00,1098.65
             521.97,1099.12 518.83,1099.82 517.11,1100.93
             509.43,1105.92 516.61,1109.68 522.00,1110.78
             522.00,1110.78 528.00,1110.78 528.00,1110.78
             526.10,1125.44 526.29,1128.53 532.00,1142.00
             522.14,1142.03 513.88,1142.63 504.00,1140.49
             477.84,1134.82 455.36,1116.97 449.51,1090.00
             448.12,1083.59 447.38,1071.44 448.30,1065.00
             449.10,1059.36 449.85,1059.96 450.00,1053.00
             444.48,1058.41 440.96,1067.71 438.51,1075.00
             431.46,1095.97 432.44,1118.89 441.89,1139.00
             446.99,1149.86 451.80,1153.30 458.00,1162.00
             440.38,1154.94 426.81,1144.04 414.17,1130.00
             408.90,1124.15 399.75,1108.99 394.00,1106.00
             394.00,1106.00 385.72,1126.00 385.72,1126.00
             377.65,1153.07 377.68,1181.20 386.74,1208.00
             390.74,1219.82 397.67,1228.03 401.00,1236.00
             401.00,1236.00 385.00,1244.29 385.00,1244.29
             385.00,1244.29 368.00,1255.07 368.00,1255.07
             358.57,1261.34 341.70,1274.02 331.00,1276.47
             327.92,1277.18 322.32,1277.04 319.00,1277.00
             292.64,1276.69 256.57,1263.67 235.00,1248.81
             227.29,1243.50 217.28,1235.49 211.76,1228.00
             206.87,1221.36 199.37,1206.88 196.85,1199.00
             195.26,1194.05 196.78,1190.41 194.99,1186.00
             193.59,1182.53 190.64,1180.14 188.82,1176.91
             184.71,1169.61 181.10,1156.42 181.00,1148.00
             180.54,1108.10 214.09,1087.77 248.00,1076.88
             256.59,1074.12 276.09,1070.24 285.00,1070.01
             288.98,1069.91 296.90,1070.30 298.85,1065.86
             300.40,1062.31 296.48,1060.53 296.00,1052.00
             267.68,1052.00 238.51,1049.24 212.00,1038.60
             199.48,1033.58 184.55,1024.03 177.90,1012.00
             175.24,1007.17 173.34,999.52 173.34,994.00
             173.33,981.51 182.34,955.53 187.78,944.00
             211.92,892.87 266.14,840.00 326.00,840.00
             326.08,837.57 325.95,835.41 327.60,833.39
             331.30,828.85 347.10,825.13 353.00,825.00
             353.00,825.00 355.00,794.00 355.00,794.00
             355.00,794.00 358.00,780.00 358.00,780.00
             358.00,780.00 339.00,778.15 339.00,778.15
             309.17,774.59 280.08,767.07 254.00,751.55
             254.00,751.55 243.00,744.00 243.00,744.00
             244.49,736.83 240.49,733.41 234.00,731.11
             231.24,730.13 228.29,730.36 226.64,727.71
             226.64,727.71 222.70,718.00 222.70,718.00
             214.04,698.74 213.28,692.60 213.00,672.00
             212.87,662.57 210.22,664.67 208.55,658.91
             207.65,655.80 207.01,646.50 207.00,643.00
             206.97,623.14 210.32,603.25 215.13,584.00
             215.13,584.00 217.80,574.00 217.80,574.00
             217.80,574.00 221.24,566.00 221.24,566.00
             222.42,562.37 221.61,559.16 224.43,557.29
             226.72,555.76 231.25,556.10 234.00,555.83
             234.00,555.83 249.00,554.91 249.00,554.91
             249.00,554.91 259.00,554.00 259.00,554.00
             259.00,554.00 274.00,553.00 274.00,553.00
             274.00,553.00 283.00,553.00 283.00,553.00
             283.00,553.00 325.00,548.85 325.00,548.85
             325.00,548.85 368.00,540.63 368.00,540.63
             372.84,539.40 383.74,535.23 388.00,536.00
             369.57,549.04 354.06,557.21 333.00,565.19
             324.64,568.36 310.79,572.86 302.00,572.00
             306.10,576.78 314.91,579.47 321.00,581.99
             339.18,589.53 359.35,593.78 379.00,594.00
             379.00,594.00 395.00,594.00 395.00,594.00
             430.28,593.60 470.38,582.32 501.00,564.85
             522.23,552.74 537.20,541.24 550.00,520.00
             552.19,523.58 554.25,530.62 556.00,535.00
             559.73,544.34 564.05,553.85 570.00,562.00 Z
           M 741.00,809.00
           C 741.00,809.00 766.00,809.00 766.00,809.00
             766.00,809.00 766.00,846.00 766.00,846.00
             766.00,846.00 803.00,846.00 803.00,846.00
             803.00,846.00 803.00,871.00 803.00,871.00
             803.00,871.00 766.00,871.00 766.00,871.00
             766.00,871.00 766.00,908.00 766.00,908.00
             766.00,908.00 741.00,908.00 741.00,908.00
             741.00,908.00 741.00,871.00 741.00,871.00
             741.00,871.00 704.00,871.00 704.00,871.00
             704.00,871.00 704.00,846.00 704.00,846.00
             704.00,846.00 741.00,846.00 741.00,846.00
             741.00,846.00 741.00,809.00 741.00,809.00 Z
           M 145.00,842.00
           C 145.00,842.00 147.00,842.00 147.00,842.00
             147.00,842.00 175.42,911.00 175.42,911.00
             175.42,911.00 183.00,929.00 183.00,929.00
             184.34,932.17 186.14,935.45 185.57,939.00
             185.08,942.10 180.04,951.23 178.43,955.00
             171.68,970.76 163.49,989.90 169.55,1007.00
             172.75,1016.07 176.89,1019.64 182.00,1026.77
             175.81,1027.82 162.50,1029.31 157.00,1026.77
             151.70,1023.88 149.20,1019.11 146.78,1014.00
             142.23,1004.39 139.15,993.19 136.02,983.00
             126.57,952.15 124.48,913.50 131.42,882.00
             134.85,866.47 139.21,856.48 145.00,842.00 Z
           M 205.00,858.00
           C 206.99,863.01 206.70,877.99 198.05,875.34
             193.99,874.10 191.13,867.70 197.13,862.90
             197.13,862.90 205.00,858.00 205.00,858.00 Z
           M 70.00,1121.00
           C 70.00,1121.00 95.00,1121.00 95.00,1121.00
             95.00,1121.00 95.00,1158.00 95.00,1158.00
             95.00,1158.00 132.00,1158.00 132.00,1158.00
             132.00,1158.00 132.00,1183.00 132.00,1183.00
             132.00,1183.00 95.00,1183.00 95.00,1183.00
             95.00,1183.00 95.00,1220.00 95.00,1220.00
             95.00,1220.00 70.00,1220.00 70.00,1220.00
             70.00,1220.00 70.00,1183.00 70.00,1183.00
             70.00,1183.00 33.00,1183.00 33.00,1183.00
             33.00,1183.00 33.00,1158.00 33.00,1158.00
             33.00,1158.00 70.00,1158.00 70.00,1158.00
             70.00,1158.00 70.00,1121.00 70.00,1121.00 Z" />
</svg>
