<?xml version="1.0" encoding="UTF-8" standalone="no"?>
<!DOCTYPE svg PUBLIC "-//W3C//DTD SVG 20010904//EN"
              "http://www.w3.org/TR/2001/REC-SVG-20010904/DTD/svg10.dtd">

<svg xmlns="http://www.w3.org/2000/svg"
     width="71.7128mm" height="87.1222mm"
     viewBox="0 0 847 1029">
  <path id="2 filly green"
        fill="none" stroke="black" stroke-width="1"
        d="M 714.00,68.00
           C 714.00,68.00 727.00,55.06 727.00,55.06
             728.69,53.55 730.52,51.72 733.00,52.34
             734.94,52.82 737.57,55.60 739.00,57.00
             739.00,57.00 751.00,69.00 751.00,69.00
             752.94,70.91 755.92,74.61 759.00,73.80
             760.86,73.31 763.61,70.37 765.00,69.00
             765.00,69.00 777.00,57.00 777.00,57.00
             779.27,54.77 782.41,50.93 786.00,52.17
             788.40,53.00 796.97,61.73 798.85,64.00
             800.38,65.85 801.70,67.49 800.83,70.00
             799.84,72.88 787.90,84.08 785.00,87.00
             783.24,88.77 779.04,92.40 779.04,95.00
             779.04,97.20 781.59,99.52 783.01,101.00
             783.01,101.00 796.00,114.00 796.00,114.00
             797.93,115.97 801.44,118.89 800.66,122.00
             800.05,124.45 794.00,130.01 792.00,132.00
             789.12,134.86 787.33,136.62 784.00,139.00
             784.00,139.00 758.00,113.00 758.00,113.00
             753.81,118.85 746.28,125.74 741.00,131.00
             739.26,132.74 735.27,137.10 733.00,137.66
             730.91,138.19 729.53,137.06 728.00,135.84
             725.02,133.44 714.39,123.79 715.34,120.00
             715.90,117.73 720.26,113.74 722.00,112.00
             722.00,112.00 740.00,94.00 740.00,94.00
             734.39,89.99 718.01,73.61 714.00,68.00 Z
           M 566.00,290.00
           C 562.89,278.47 554.51,265.60 549.00,239.00
             538.70,189.23 545.81,128.63 583.00,91.00
             593.99,79.89 609.04,67.50 625.00,65.00
             633.42,86.04 639.87,97.96 645.63,121.00
             661.32,183.80 656.91,257.09 631.99,317.00
             625.91,331.61 610.52,360.04 598.00,369.06
             593.23,372.49 589.37,372.90 584.00,374.67
             584.00,374.67 570.00,379.40 570.00,379.40
             570.00,379.40 552.00,378.27 552.00,378.27
             544.90,377.26 535.92,376.24 530.00,372.00
             551.26,372.00 574.88,373.88 594.00,363.00
             578.23,364.28 559.64,367.49 544.00,365.42
             538.84,364.74 535.62,365.69 531.00,363.00
             541.72,362.50 551.28,359.11 560.00,353.00
             542.89,356.22 525.48,359.97 508.00,360.00
             480.76,360.04 420.47,355.30 393.00,351.72
             382.29,350.32 364.80,348.03 355.00,344.29
             346.96,341.22 341.37,336.69 340.00,328.00
             332.75,332.35 337.08,341.27 342.09,345.66
             344.65,347.90 346.96,348.71 350.00,350.00
             347.97,356.21 345.83,364.46 346.04,371.00
             346.43,383.12 349.11,395.57 355.46,406.00
             368.98,428.21 397.91,438.70 423.00,439.00
             467.29,439.51 501.39,416.88 519.00,376.00
             519.00,376.00 530.00,379.56 530.00,379.56
             530.00,379.56 543.00,382.39 543.00,382.39
             543.00,382.39 560.00,385.00 560.00,385.00
             533.97,396.21 506.24,418.61 490.34,442.00
             482.17,454.02 475.17,470.26 475.00,485.00
             474.84,499.67 479.39,513.86 489.18,525.00
             489.18,525.00 504.94,540.09 504.94,540.09
             505.59,541.86 505.00,548.56 504.94,551.00
             504.94,551.00 504.94,570.00 504.94,570.00
             505.12,579.54 508.46,601.45 512.31,610.00
             518.53,623.79 532.66,639.85 542.92,651.00
             542.92,651.00 580.20,694.00 580.20,694.00
             600.93,721.13 612.55,748.88 614.23,783.00
             614.41,791.50 615.76,790.86 614.23,801.00
             613.56,807.52 613.15,822.73 610.07,827.98
             608.64,830.42 607.18,831.38 605.00,833.00
             606.49,825.07 608.46,813.49 601.86,807.23
             600.17,805.62 598.37,804.58 596.00,804.55
             594.24,804.52 591.69,805.46 590.00,806.00
             594.88,826.07 586.45,851.26 567.00,860.23
             560.33,863.31 551.79,867.66 545.06,862.43
             538.76,857.54 538.06,847.08 540.13,840.00
             542.06,834.76 546.75,828.00 540.13,824.18
             535.45,821.70 525.04,825.48 520.00,826.65
             517.97,827.12 514.83,827.82 513.11,828.93
             505.43,833.92 512.61,837.68 518.00,838.78
             518.00,838.78 524.00,838.78 524.00,838.78
             522.10,853.44 522.29,856.53 528.00,870.00
             518.14,870.03 509.88,870.63 500.00,868.49
             473.84,862.82 451.36,844.97 445.51,818.00
             444.12,811.59 443.38,799.44 444.30,793.00
             445.10,787.36 445.85,787.96 446.00,781.00
             440.48,786.41 436.96,795.71 434.51,803.00
             427.46,823.97 428.44,846.89 437.89,867.00
             442.99,877.86 447.80,881.30 454.00,890.00
             436.38,882.94 422.81,872.04 410.17,858.00
             404.90,852.15 395.75,836.99 390.00,834.00
             390.00,834.00 386.05,842.00 386.05,842.00
             383.00,848.71 380.03,858.70 379.00,866.00
             374.18,862.90 372.02,854.39 370.39,849.00
             366.45,832.78 365.81,818.30 370.39,802.00
             382.35,756.28 425.00,729.19 469.00,719.66
             469.00,719.66 513.00,715.00 513.00,715.00
             513.00,715.00 492.00,713.18 492.00,713.18
             460.01,715.46 434.21,722.85 408.00,742.16
             392.97,753.23 391.21,759.22 380.00,769.00
             375.50,760.32 366.79,736.44 366.00,727.00
             389.51,731.23 402.63,723.44 419.00,707.00
             438.62,687.29 454.23,656.31 463.00,630.00
             458.27,634.24 451.29,652.12 447.74,659.00
             438.92,676.11 426.37,695.00 412.00,707.83
             394.04,723.86 372.91,727.84 352.00,714.94
             348.27,712.64 339.60,707.18 338.41,703.00
             337.63,700.25 340.04,696.54 341.13,694.00
             342.87,689.93 347.45,677.90 348.00,674.00
             348.00,674.00 337.43,692.00 337.43,692.00
             337.43,692.00 326.86,713.00 326.86,713.00
             326.86,713.00 306.69,762.00 306.69,762.00
             300.80,772.67 292.86,780.46 280.00,779.96
             280.00,779.96 272.00,778.96 272.00,778.96
             272.00,778.96 262.00,778.96 262.00,778.96
             240.54,776.79 215.87,772.00 197.00,761.28
             185.45,754.72 173.55,744.51 170.51,731.00
             167.30,716.73 172.91,700.43 177.69,687.00
             194.20,640.65 234.68,594.12 281.00,576.06
             315.29,562.69 355.66,562.73 378.65,596.00
             384.49,604.44 388.11,612.21 391.12,622.00
             395.45,636.10 397.00,650.30 397.00,665.00
             398.43,663.45 398.97,663.15 399.58,660.96
             400.61,657.26 398.76,641.54 398.13,637.00
             396.08,622.25 393.04,613.20 386.22,600.00
             386.22,600.00 382.11,592.17 382.11,592.17
             380.58,589.96 377.97,587.86 376.00,585.96
             367.15,577.44 359.17,570.47 347.00,567.00
             347.00,567.00 351.07,536.00 351.07,536.00
             351.07,536.00 351.07,518.00 351.07,518.00
             351.07,518.00 354.00,508.00 354.00,508.00
             354.00,508.00 335.00,506.15 335.00,506.15
             305.17,502.59 276.08,495.07 250.00,479.55
             250.00,479.55 239.00,472.00 239.00,472.00
             240.49,464.83 236.49,461.41 230.00,459.11
             227.24,458.13 224.29,458.36 222.64,455.71
             222.64,455.71 218.70,446.00 218.70,446.00
             214.03,435.62 209.14,422.48 209.00,411.00
             208.86,398.87 208.54,384.39 220.00,376.70
             231.10,369.25 238.29,380.17 249.00,380.90
             256.47,381.42 264.86,377.72 269.61,371.96
             276.76,363.29 282.62,342.08 286.31,331.01
             289.19,322.37 298.28,321.20 293.00,311.00
             291.66,314.09 290.29,317.91 286.90,319.25
             283.09,320.75 275.80,317.93 272.00,316.67
             259.64,312.55 247.76,306.34 236.00,300.75
             231.67,298.69 217.74,293.95 218.58,288.08
             219.22,283.57 225.74,284.15 229.00,283.91
             229.00,283.91 260.00,282.00 260.00,282.00
             260.00,282.00 271.00,281.04 271.00,281.04
             296.20,279.94 321.15,277.38 346.00,272.74
             346.00,272.74 371.00,266.71 371.00,266.71
             374.85,265.60 380.15,263.30 384.00,264.00
             365.57,277.04 350.06,285.21 329.00,293.19
             320.64,296.36 306.79,300.86 298.00,300.00
             302.10,304.78 310.91,307.47 317.00,309.99
             335.18,317.53 355.35,321.78 375.00,322.00
             375.00,322.00 391.00,322.00 391.00,322.00
             426.28,321.60 466.38,310.32 497.00,292.85
             518.23,280.74 533.20,269.24 546.00,248.00
             548.19,251.58 550.25,258.62 552.00,263.00
             555.73,272.34 560.05,281.85 566.00,290.00 Z
           M 606.00,187.00
           C 603.50,192.43 604.06,198.17 604.00,204.00
             604.00,204.00 602.72,218.00 602.72,218.00
             600.35,236.48 595.36,257.52 588.95,275.00
             588.95,275.00 578.22,300.00 578.22,300.00
             576.45,303.75 573.43,307.74 574.00,312.00
             581.41,301.54 589.82,288.92 594.55,277.00
             601.43,259.66 606.97,226.74 607.00,208.00
             607.00,208.00 606.00,187.00 606.00,187.00 Z
           M 212.00,307.00
           C 212.00,307.00 214.00,307.00 214.00,307.00
             210.88,322.51 208.48,334.13 212.24,350.00
             212.24,350.00 220.00,371.00 220.00,371.00
             210.12,374.87 209.62,379.95 204.00,387.00
             204.00,387.00 203.00,373.00 203.00,373.00
             203.00,373.00 204.17,349.00 204.17,349.00
             204.17,349.00 212.00,307.00 212.00,307.00 Z
           M 573.00,312.00
           C 573.00,312.00 572.00,312.00 572.00,312.00
             572.00,312.00 573.00,313.00 573.00,313.00
             573.00,313.00 573.00,312.00 573.00,312.00 Z
           M 737.00,537.00
           C 737.00,537.00 762.00,537.00 762.00,537.00
             762.00,537.00 762.00,574.00 762.00,574.00
             762.00,574.00 799.00,574.00 799.00,574.00
             799.00,574.00 799.00,599.00 799.00,599.00
             799.00,599.00 762.00,599.00 762.00,599.00
             762.00,599.00 762.00,636.00 762.00,636.00
             762.00,636.00 737.00,636.00 737.00,636.00
             737.00,636.00 737.00,599.00 737.00,599.00
             737.00,599.00 700.00,599.00 700.00,599.00
             700.00,599.00 700.00,574.00 700.00,574.00
             700.00,574.00 737.00,574.00 737.00,574.00
             737.00,574.00 737.00,537.00 737.00,537.00 Z
           M 343.00,553.00
           C 343.60,555.89 343.05,563.10 339.70,564.23
             338.00,564.80 334.80,563.77 333.00,563.23
             329.37,562.83 325.67,563.00 322.00,563.23
             327.10,557.23 335.96,555.64 343.00,553.00 Z
           M 141.00,570.00
           C 141.00,570.00 143.00,570.00 143.00,570.00
             143.00,570.00 171.42,639.00 171.42,639.00
             171.42,639.00 179.00,657.00 179.00,657.00
             180.34,660.17 182.14,663.45 181.57,667.00
             181.08,670.10 176.04,679.23 174.43,683.00
             167.68,698.76 159.49,717.90 165.55,735.00
             168.75,744.07 172.89,747.64 178.00,754.77
             171.81,755.82 158.50,757.31 153.00,754.77
             147.70,751.88 145.20,747.11 142.78,742.00
             138.23,732.39 135.15,721.19 132.02,711.00
             122.57,680.15 120.48,641.50 127.42,610.00
             130.85,594.47 135.21,584.48 141.00,570.00 Z
           M 201.00,586.00
           C 202.99,591.01 202.70,605.99 194.05,603.34
             189.99,602.10 187.13,595.70 193.13,590.90
             193.13,590.90 201.00,586.00 201.00,586.00 Z
           M 334.00,708.00
           C 339.04,710.38 344.52,716.23 350.00,719.97
             352.25,721.51 358.49,724.77 359.70,726.49
             360.66,727.86 362.07,733.10 362.66,735.00
             362.66,735.00 369.00,755.00 369.00,755.00
             370.53,759.48 375.92,771.19 375.69,775.00
             375.50,778.09 370.57,787.03 369.06,791.00
             364.68,802.55 363.00,810.68 363.00,823.00
             363.00,823.00 330.00,827.59 330.00,827.59
             275.45,836.74 217.09,857.49 188.00,908.00
             188.00,908.00 186.00,908.00 186.00,908.00
             179.91,893.64 176.82,886.99 177.00,871.00
             177.37,839.84 206.76,818.88 233.00,808.61
             246.98,803.14 262.13,800.05 277.00,798.28
             281.72,797.72 291.30,798.92 294.35,794.70
             296.56,791.63 293.34,787.02 292.00,784.00
             295.53,782.13 298.90,780.37 301.91,777.68
             314.34,766.56 320.69,743.55 326.00,728.00
             326.00,728.00 334.00,708.00 334.00,708.00 Z
           M 485.00,825.38
           C 471.00,829.26 478.11,846.90 487.99,844.67
             493.42,843.44 497.53,835.11 494.82,830.10
             492.74,826.26 489.01,825.30 485.00,825.38 Z
           M 397.00,964.00
           C 397.00,964.00 381.00,972.29 381.00,972.29
             381.00,972.29 364.00,983.07 364.00,983.07
             354.57,989.34 337.70,1002.02 327.00,1004.47
             323.92,1005.18 318.32,1005.04 315.00,1005.00
             306.98,1004.90 296.88,1002.91 289.00,1001.21
             258.39,994.61 219.58,976.98 203.44,949.00
             198.72,940.83 191.54,928.59 192.04,919.00
             192.35,913.19 195.17,909.74 198.22,905.00
             206.02,892.86 212.82,885.84 224.00,876.80
             252.82,853.52 285.30,842.70 321.00,835.20
             334.66,832.33 348.97,829.13 363.00,829.00
             363.10,839.78 365.49,845.54 370.25,855.00
             371.90,858.29 376.66,866.17 377.28,869.00
             377.98,872.23 376.51,878.46 376.08,882.00
             376.08,882.00 376.08,900.00 376.08,900.00
             376.02,912.85 379.86,930.32 385.18,942.00
             385.18,942.00 397.00,964.00 397.00,964.00 Z
           M 66.00,849.00
           C 66.00,849.00 91.00,849.00 91.00,849.00
             91.00,849.00 91.00,886.00 91.00,886.00
             91.00,886.00 128.00,886.00 128.00,886.00
             128.00,886.00 128.00,911.00 128.00,911.00
             128.00,911.00 91.00,911.00 91.00,911.00
             91.00,911.00 91.00,948.00 91.00,948.00
             91.00,948.00 66.00,948.00 66.00,948.00
             66.00,948.00 66.00,911.00 66.00,911.00
             66.00,911.00 29.00,911.00 29.00,911.00
             29.00,911.00 29.00,886.00 29.00,886.00
             29.00,886.00 66.00,886.00 66.00,886.00
             66.00,886.00 66.00,849.00 66.00,849.00 Z" />
</svg>
