<?xml version="1.0" encoding="UTF-8" standalone="no"?>
<!DOCTYPE svg PUBLIC "-//W3C//DTD SVG 20010904//EN"
              "http://www.w3.org/TR/2001/REC-SVG-20010904/DTD/svg10.dtd">

<svg xmlns="http://www.w3.org/2000/svg"
     width="71.7128mm" height="112.522mm"
     viewBox="0 0 847 1329">
  <path id="2 Lettering Foreground"
        fill="none" stroke="black" stroke-width="1"
        d="M 308.00,58.00
           C 317.03,58.96 324.37,65.39 323.79,75.00
             323.16,85.52 310.09,106.04 300.00,109.00
             300.00,109.00 304.00,102.00 304.00,102.00
             304.00,102.00 276.00,90.00 276.00,90.00
             274.94,87.15 272.78,86.77 270.00,85.89
             260.35,82.83 257.77,85.94 252.00,94.00
             252.00,94.00 259.00,94.00 259.00,94.00
             259.37,101.24 265.90,103.49 271.00,107.52
             274.49,110.27 279.37,116.06 283.00,117.40
             285.38,118.28 292.15,118.00 295.00,118.00
             295.00,118.00 320.00,118.00 320.00,118.00
             320.00,118.00 315.00,145.00 315.00,145.00
             308.12,142.73 310.76,139.39 300.00,142.00
             305.56,155.11 311.27,164.44 313.78,179.00
             313.78,179.00 313.78,200.00 313.78,200.00
             313.97,216.08 306.47,223.84 296.09,235.00
             290.30,241.22 288.78,243.67 281.00,248.16
             277.84,249.98 276.17,250.02 273.00,251.35
             268.80,253.10 264.51,255.73 260.00,256.62
             250.99,258.41 242.12,253.34 236.17,246.96
             227.14,237.29 227.95,233.69 226.83,222.00
             226.83,222.00 226.00,211.00 226.00,211.00
             225.99,202.36 226.80,183.41 225.00,176.00
             225.00,176.00 218.00,178.00 218.00,178.00
             221.47,170.73 231.46,165.65 238.00,160.96
             242.24,157.92 244.16,155.29 249.00,153.00
             249.00,153.00 245.04,183.00 245.04,183.00
             244.86,187.53 245.39,188.86 245.84,193.00
             247.14,205.16 248.72,217.64 258.10,226.58
             260.71,229.06 264.81,232.57 268.00,234.16
             273.84,237.08 285.92,238.15 290.02,231.79
             292.01,228.70 291.99,222.62 292.00,219.00
             292.04,194.36 286.49,180.01 273.80,159.00
             268.35,149.99 261.82,140.48 252.00,136.00
             260.80,148.68 270.99,160.46 276.91,175.00
             282.50,188.75 283.02,203.43 283.00,218.00
             283.00,218.00 282.00,232.00 282.00,232.00
             282.00,232.00 279.04,232.00 279.04,232.00
             279.04,232.00 279.04,222.00 279.04,222.00
             279.51,215.87 280.48,212.69 279.83,206.00
             277.96,186.69 268.26,166.93 256.20,152.00
             247.93,141.77 245.25,139.28 235.00,131.35
             230.02,127.49 222.90,123.19 221.00,117.00
             230.89,119.45 232.21,127.19 244.00,130.00
             240.08,122.70 235.89,120.84 230.02,115.57
             227.83,113.61 225.03,111.28 226.17,108.00
             227.30,104.71 235.15,98.22 238.00,95.72
             238.00,95.72 252.00,83.68 252.00,83.68
             261.15,76.73 257.18,81.68 268.00,71.00
             272.46,66.60 278.22,61.04 285.00,61.20
             288.35,61.27 290.96,63.05 294.00,64.20
             294.00,64.20 320.00,75.00 320.00,75.00
             320.00,75.00 321.00,74.00 321.00,74.00
             319.47,70.79 318.49,68.00 315.79,65.53
             312.23,62.28 309.73,62.95 308.00,58.00 Z
           M 429.00,84.00
           C 429.00,84.00 458.00,64.00 458.00,64.00
             456.29,68.11 453.63,71.62 452.51,76.00
             450.00,85.84 451.00,111.52 451.00,123.00
             451.00,123.00 451.00,194.00 451.00,194.00
             451.15,204.71 456.35,204.07 456.64,210.00
             456.94,216.00 444.15,228.56 439.00,231.00
             439.37,229.37 439.98,227.68 439.52,226.00
             438.02,220.56 426.82,214.85 426.94,209.00
             426.98,207.41 429.98,201.84 430.00,189.00
             430.00,189.00 430.00,170.00 430.00,170.00
             430.00,170.00 431.00,154.00 431.00,154.00
             431.00,154.00 431.00,121.00 431.00,121.00
             431.00,121.00 429.33,99.00 429.33,99.00
             426.86,86.90 424.01,84.61 424.00,71.00
             424.00,71.00 427.00,71.00 427.00,71.00
             427.00,71.00 429.00,84.00 429.00,84.00 Z
           M 497.00,84.00
           C 497.00,84.00 526.00,64.00 526.00,64.00
             524.29,68.11 521.63,71.62 520.51,76.00
             518.00,85.84 519.00,111.52 519.00,123.00
             519.00,123.00 519.00,194.00 519.00,194.00
             519.15,204.71 524.35,204.07 524.64,210.00
             524.94,216.00 512.15,228.56 507.00,231.00
             507.37,229.37 507.98,227.68 507.52,226.00
             506.02,220.56 494.82,214.85 494.94,209.00
             494.98,207.41 497.98,201.84 498.00,189.00
             498.00,189.00 498.00,170.00 498.00,170.00
             498.00,170.00 499.00,154.00 499.00,154.00
             499.00,154.00 499.00,121.00 499.00,121.00
             499.00,121.00 497.33,99.00 497.33,99.00
             494.86,86.90 492.01,84.61 492.00,71.00
             492.00,71.00 495.00,71.00 495.00,71.00
             495.00,71.00 497.00,84.00 497.00,84.00 Z
           M 99.00,70.00
           C 99.00,70.00 124.00,70.00 124.00,70.00
             124.00,70.00 124.00,107.00 124.00,107.00
             124.00,107.00 161.00,107.00 161.00,107.00
             161.00,107.00 161.00,132.00 161.00,132.00
             161.00,132.00 124.00,132.00 124.00,132.00
             124.00,132.00 124.00,169.00 124.00,169.00
             124.00,169.00 99.00,169.00 99.00,169.00
             99.00,169.00 99.00,132.00 99.00,132.00
             99.00,132.00 62.00,132.00 62.00,132.00
             62.00,132.00 62.00,107.00 62.00,107.00
             62.00,107.00 99.00,107.00 99.00,107.00
             99.00,107.00 99.00,70.00 99.00,70.00 Z
           M 386.00,72.00
           C 388.98,76.11 387.50,81.12 384.57,84.99
             380.57,90.27 368.16,99.21 362.00,102.00
             363.45,91.63 378.67,79.33 386.00,72.00 Z
           M 685.00,109.00
           C 685.00,109.00 697.00,97.02 697.00,97.02
             698.51,95.58 700.76,93.20 703.00,93.20
             705.24,93.20 707.49,95.58 709.00,97.02
             709.00,97.02 722.00,110.00 722.00,110.00
             723.63,111.60 726.58,114.96 729.00,114.96
             731.20,114.96 733.52,112.41 735.00,110.99
             735.00,110.99 748.00,98.00 748.00,98.00
             750.27,95.77 753.41,91.93 757.00,93.17
             759.43,94.01 764.95,99.94 767.00,102.00
             769.86,104.88 771.62,106.67 774.00,110.00
             774.00,110.00 756.00,128.00 756.00,128.00
             754.24,129.77 750.04,133.40 750.04,136.00
             750.04,138.20 752.59,140.52 754.01,142.00
             754.01,142.00 767.00,155.00 767.00,155.00
             768.93,156.97 772.44,159.89 771.66,163.00
             771.05,165.45 765.00,171.01 763.00,173.00
             760.12,175.86 758.33,177.62 755.00,180.00
             755.00,180.00 729.00,154.00 729.00,154.00
             724.99,159.61 708.61,175.99 703.00,180.00
             703.00,180.00 690.06,167.00 690.06,167.00
             688.24,165.00 686.16,162.92 687.17,160.00
             687.94,157.76 692.22,153.78 694.00,152.00
             694.00,152.00 711.00,135.00 711.00,135.00
             705.39,130.99 689.01,114.61 685.00,109.00 Z
           M 370.00,232.00
           C 370.48,225.39 369.24,223.99 364.83,219.00
             362.74,216.64 358.75,213.28 358.59,210.00
             358.45,207.06 361.50,203.65 362.73,201.00
             364.20,197.81 363.99,195.40 364.00,192.00
             364.00,192.00 364.00,134.00 364.00,134.00
             363.95,130.72 363.98,128.95 362.28,126.00
             360.75,123.34 357.56,120.59 358.66,117.18
             359.39,114.89 363.16,112.45 365.00,110.82
             369.84,106.52 373.05,101.81 379.00,99.00
             378.14,107.55 382.20,104.00 389.00,112.00
             383.63,120.78 385.00,130.11 385.00,140.00
             385.00,140.00 385.00,192.00 385.00,192.00
             385.01,194.76 384.85,197.37 385.84,200.00
             386.94,202.96 389.62,205.75 389.50,209.00
             389.40,211.85 387.00,214.79 385.37,217.00
             381.22,222.63 377.01,229.94 370.00,232.00 Z
           M 615.00,110.00
           C 618.72,111.18 627.84,115.57 629.40,119.21
             630.86,122.62 628.06,136.94 628.00,142.00
             628.00,142.00 628.00,193.00 628.00,193.00
             628.00,203.31 628.54,223.83 625.05,233.00
             622.61,239.41 614.82,248.85 609.83,253.57
             598.43,264.37 589.83,264.52 575.00,261.74
             571.17,261.02 560.10,258.79 562.17,252.98
             563.18,250.15 573.28,240.78 575.99,238.00
             577.49,236.47 580.75,233.57 580.38,231.21
             580.05,229.11 576.67,227.64 575.00,226.75
             570.48,224.33 560.38,220.25 561.70,214.00
             562.56,209.92 565.86,208.47 566.00,197.00
             566.00,197.00 566.00,152.00 566.00,152.00
             566.00,152.00 564.69,134.00 564.69,134.00
             563.70,129.93 560.76,128.44 560.96,125.00
             561.08,122.90 563.19,119.74 564.36,118.00
             567.43,113.44 573.84,104.67 578.99,103.00
             578.69,105.19 577.97,107.83 578.99,109.91
             581.51,115.16 587.98,114.00 587.94,122.01
             587.94,122.01 587.00,135.00 587.00,135.00
             587.00,135.00 587.00,177.00 587.00,177.00
             587.00,177.00 583.89,199.99 583.89,199.99
             584.94,204.29 594.69,210.49 599.00,210.95
             601.08,211.17 602.13,210.62 604.00,210.00
             603.34,218.21 595.45,223.51 590.00,229.00
             584.31,234.73 580.59,238.47 590.00,243.32
             591.55,244.12 593.31,244.67 595.00,245.10
             597.73,245.79 600.18,246.07 603.00,245.91
             603.00,245.91 610.00,245.00 610.00,245.00
             610.00,245.00 607.00,207.00 607.00,207.00
             607.00,207.00 607.00,160.00 607.00,160.00
             607.00,160.00 609.65,136.05 609.65,136.05
             608.44,130.63 600.92,131.24 600.15,125.96
             599.82,123.67 601.67,120.89 602.81,119.00
             606.07,113.59 610.82,105.03 617.00,103.00
             617.00,103.00 615.00,110.00 615.00,110.00 Z" />
</svg>
