<?xml version="1.0" encoding="UTF-8" standalone="no"?>
<!DOCTYPE svg PUBLIC "-//W3C//DTD SVG 20010904//EN"
              "http://www.w3.org/TR/2001/REC-SVG-20010904/DTD/svg10.dtd">

<svg xmlns="http://www.w3.org/2000/svg"
     width="71.7128mm" height="87.1222mm"
     viewBox="0 0 847 1029">
  <path id="3 mane and tail"
        fill="none" stroke="black" stroke-width="1"
        d="M 443.00,21.00
           C 456.47,24.90 462.45,25.87 476.00,31.86
             502.49,43.57 523.09,60.83 539.00,85.00
             543.91,92.46 554.64,114.35 554.72,123.00
             554.72,123.00 546.88,147.00 546.88,147.00
             542.18,164.82 539.79,181.55 540.00,200.00
             540.09,207.49 541.93,221.42 543.25,229.00
             543.83,232.37 545.94,240.23 545.52,243.00
             544.73,248.23 537.89,256.03 534.42,259.99
             521.89,274.27 498.46,288.42 481.00,296.14
             457.18,306.67 421.06,315.96 395.00,316.00
             395.00,316.00 368.00,316.00 368.00,316.00
             357.03,315.87 336.88,312.31 326.00,309.63
             320.83,308.35 314.01,307.81 311.00,303.00
             319.77,301.76 332.75,296.84 341.00,293.28
             366.02,282.49 398.82,260.66 414.00,238.00
             410.41,241.76 407.22,246.16 403.00,249.21
             394.72,255.21 370.58,262.22 360.00,264.87
             329.45,272.54 298.25,274.95 267.00,277.09
             267.00,277.09 255.00,278.01 255.00,278.01
             255.00,278.01 246.00,278.91 246.00,278.91
             246.00,278.91 226.00,280.42 226.00,280.42
             221.77,280.99 211.79,282.97 208.29,280.98
             206.68,280.07 205.26,278.33 204.00,277.00
             204.00,277.00 206.00,283.00 206.00,283.00
             202.13,283.73 193.44,286.06 190.00,285.27
             185.31,284.18 180.35,279.27 177.00,276.00
             177.00,276.00 185.00,288.00 185.00,288.00
             177.23,289.77 166.54,293.53 160.00,298.00
             165.63,295.75 182.66,288.72 188.00,289.36
             190.88,289.71 195.99,292.81 199.00,294.14
             204.61,296.62 209.00,296.17 210.00,301.92
             210.00,301.92 187.00,301.92 187.00,301.92
             187.00,301.92 173.00,300.00 173.00,300.00
             173.00,300.00 182.00,303.25 182.00,303.25
             188.64,305.42 200.97,306.94 208.00,307.00
             208.00,307.00 204.65,320.00 204.65,320.00
             201.64,332.74 198.02,352.08 198.00,365.00
             198.00,365.00 198.00,379.00 198.00,379.00
             198.02,389.73 201.99,411.11 204.42,422.00
             208.07,438.30 214.94,446.14 217.03,452.00
             217.03,452.00 219.00,462.00 219.00,462.00
             209.24,464.64 188.49,473.18 184.74,483.00
             182.66,488.44 184.95,500.22 186.00,506.00
             177.67,506.28 171.35,512.67 165.00,517.58
             158.09,522.91 138.63,536.09 131.00,539.00
             133.96,545.88 135.81,547.23 136.00,555.00
             125.75,555.00 115.03,555.82 105.00,553.58
             77.54,547.43 52.47,526.42 50.00,497.00
             56.86,499.29 62.77,501.43 70.00,502.56
             85.28,504.95 103.17,501.42 110.10,486.00
             111.50,482.87 112.57,477.43 112.82,474.00
             114.05,457.09 100.73,430.97 93.25,416.00
             80.37,390.24 67.96,365.60 68.00,336.00
             68.02,321.24 72.27,304.41 80.34,292.00
             88.97,278.74 89.67,278.85 102.00,269.86
             96.52,270.20 88.35,270.41 83.00,269.86
             58.07,266.47 28.32,251.37 27.00,223.00
             27.00,223.00 52.00,236.40 52.00,236.40
             65.74,241.96 76.44,243.76 91.00,245.17
             91.00,245.17 98.00,245.92 98.00,245.92
             98.00,245.92 116.00,244.13 116.00,244.13
             122.77,243.19 129.65,242.66 136.00,240.00
             136.00,240.00 118.00,240.96 118.00,240.96
             113.10,241.15 111.48,240.49 107.00,240.07
             79.42,237.52 52.90,225.45 35.90,203.00
             16.98,178.02 13.23,143.23 23.34,114.00
             26.23,105.66 31.91,91.02 40.00,87.00
             39.58,95.90 37.99,93.95 38.00,106.00
             38.03,127.06 51.33,147.63 73.00,151.54
             81.72,153.11 90.76,151.18 99.00,148.31
             123.40,139.79 157.05,111.65 179.00,96.00
             204.68,77.69 231.35,60.62 261.00,49.42
             314.85,29.10 377.73,26.55 430.00,52.75
             452.60,64.08 469.34,78.92 483.33,100.00
             488.71,108.09 494.11,116.08 495.00,126.00
             498.20,126.89 498.33,129.01 499.33,132.00
             499.33,132.00 504.00,149.00 504.00,149.00
             503.51,138.43 498.25,125.00 494.69,115.00
             494.69,115.00 489.31,98.00 489.31,98.00
             484.65,84.66 476.53,68.92 468.95,57.00
             464.70,50.32 456.08,38.83 450.83,33.00
             447.19,28.95 443.05,26.72 443.00,21.00 Z
           M 714.00,68.00
           C 714.00,68.00 727.00,55.06 727.00,55.06
             728.69,53.55 730.52,51.72 733.00,52.34
             734.94,52.82 737.57,55.60 739.00,57.00
             739.00,57.00 751.00,69.00 751.00,69.00
             752.94,70.91 755.92,74.61 759.00,73.80
             760.86,73.31 763.61,70.37 765.00,69.00
             765.00,69.00 777.00,57.00 777.00,57.00
             779.27,54.77 782.41,50.93 786.00,52.17
             788.40,53.00 796.97,61.73 798.85,64.00
             800.38,65.85 801.70,67.49 800.83,70.00
             799.84,72.88 787.90,84.08 785.00,87.00
             783.24,88.77 779.04,92.40 779.04,95.00
             779.04,97.20 781.59,99.52 783.01,101.00
             783.01,101.00 796.00,114.00 796.00,114.00
             797.93,115.97 801.44,118.89 800.66,122.00
             800.05,124.45 794.00,130.01 792.00,132.00
             789.12,134.86 787.33,136.62 784.00,139.00
             784.00,139.00 758.00,113.00 758.00,113.00
             753.81,118.85 746.28,125.74 741.00,131.00
             739.26,132.74 735.27,137.10 733.00,137.66
             730.91,138.19 729.53,137.06 728.00,135.84
             725.02,133.44 714.39,123.79 715.34,120.00
             715.90,117.73 720.26,113.74 722.00,112.00
             722.00,112.00 740.00,94.00 740.00,94.00
             734.39,89.99 718.01,73.61 714.00,68.00 Z
           M 505.00,149.00
           C 505.00,149.00 505.00,154.00 505.00,154.00
             505.00,154.00 505.00,149.00 505.00,149.00 Z
           M 506.00,157.00
           C 506.00,157.00 506.00,162.00 506.00,162.00
             506.00,162.00 506.00,157.00 506.00,157.00 Z
           M 689.00,161.00
           C 689.00,161.00 691.00,161.00 691.00,161.00
             693.55,167.96 694.29,175.64 694.82,183.00
             695.05,186.28 694.50,187.90 694.16,191.00
             692.18,209.54 686.19,223.48 672.99,237.00
             667.97,242.13 662.78,247.36 656.00,250.00
             656.00,250.00 660.00,213.00 660.00,213.00
             660.01,210.36 659.71,206.49 661.02,204.18
             662.86,200.95 671.17,196.87 676.56,190.91
             684.37,182.29 688.47,172.60 689.00,161.00 Z
           M 421.00,228.00
           C 421.00,228.00 420.00,228.00 420.00,228.00
             420.00,228.00 421.00,229.00 421.00,229.00
             421.00,229.00 421.00,228.00 421.00,228.00 Z
           M 418.00,233.00
           C 418.00,233.00 417.00,233.00 417.00,233.00
             417.00,233.00 418.00,234.00 418.00,234.00
             418.00,234.00 418.00,233.00 418.00,233.00 Z
           M 415.00,237.00
           C 415.00,237.00 414.00,237.00 414.00,237.00
             414.00,237.00 415.00,238.00 415.00,238.00
             415.00,238.00 415.00,237.00 415.00,237.00 Z
           M 652.00,270.00
           C 659.30,273.45 667.00,284.04 671.14,291.00
             685.30,314.82 686.49,337.66 679.87,364.00
             677.77,372.36 672.69,390.93 665.00,395.00
             661.88,377.59 661.84,368.42 652.39,352.00
             648.41,345.10 645.71,341.24 640.79,335.00
             638.92,332.63 634.42,327.76 633.92,325.00
             633.39,322.09 638.63,311.44 640.00,308.00
             640.00,308.00 648.29,283.00 648.29,283.00
             648.29,283.00 652.00,270.00 652.00,270.00 Z
           M 177.00,275.00
           C 177.00,275.00 176.00,275.00 176.00,275.00
             176.00,275.00 177.00,276.00 177.00,276.00
             177.00,276.00 177.00,275.00 177.00,275.00 Z
           M 197.00,287.00
           C 203.23,285.86 211.71,283.15 211.00,293.00
             205.94,291.66 199.95,291.70 197.00,287.00 Z
           M 158.00,299.00
           C 158.00,299.00 153.00,302.00 153.00,302.00
             153.00,302.00 158.00,299.00 158.00,299.00 Z
           M 150.00,304.00
           C 150.00,304.00 149.00,304.00 149.00,304.00
             149.00,304.00 150.00,305.00 150.00,305.00
             150.00,305.00 150.00,304.00 150.00,304.00 Z
           M 146.00,307.00
           C 146.00,307.00 145.00,307.00 145.00,307.00
             145.00,307.00 146.00,308.00 146.00,308.00
             146.00,308.00 146.00,307.00 146.00,307.00 Z
           M 145.00,308.00
           C 145.00,308.00 144.00,308.00 144.00,308.00
             144.00,308.00 145.00,309.00 145.00,309.00
             145.00,309.00 145.00,308.00 145.00,308.00 Z
           M 144.00,309.00
           C 144.00,309.00 143.00,309.00 143.00,309.00
             143.00,309.00 144.00,310.00 144.00,310.00
             144.00,310.00 144.00,309.00 144.00,309.00 Z
           M 143.00,310.00
           C 143.00,310.00 142.00,310.00 142.00,310.00
             142.00,310.00 143.00,311.00 143.00,311.00
             143.00,311.00 143.00,310.00 143.00,310.00 Z
           M 142.00,311.00
           C 142.00,311.00 141.00,311.00 141.00,311.00
             141.00,311.00 142.00,312.00 142.00,312.00
             142.00,312.00 142.00,311.00 142.00,311.00 Z
           M 141.00,312.00
           C 141.00,312.00 140.00,312.00 140.00,312.00
             140.00,312.00 141.00,313.00 141.00,313.00
             141.00,313.00 141.00,312.00 141.00,312.00 Z
           M 140.00,313.00
           C 140.00,313.00 139.00,313.00 139.00,313.00
             139.00,313.00 140.00,314.00 140.00,314.00
             140.00,314.00 140.00,313.00 140.00,313.00 Z
           M 139.00,314.00
           C 139.00,314.00 138.00,314.00 138.00,314.00
             138.00,314.00 139.00,315.00 139.00,315.00
             139.00,315.00 139.00,314.00 139.00,314.00 Z
           M 138.00,315.00
           C 138.00,315.00 137.00,315.00 137.00,315.00
             137.00,315.00 138.00,316.00 138.00,316.00
             138.00,316.00 138.00,315.00 138.00,315.00 Z
           M 631.00,328.00
           C 636.94,331.09 640.43,339.10 643.22,345.00
             650.62,360.64 655.97,381.67 656.00,399.00
             656.07,441.55 643.43,478.69 605.00,501.55
             597.92,505.76 584.98,510.90 577.00,513.28
             577.00,513.28 564.00,517.00 564.00,517.00
             566.97,517.24 573.49,517.92 576.00,519.17
             580.68,521.51 583.05,526.73 598.00,533.13
             613.71,539.85 624.70,537.31 640.00,532.00
             640.74,539.69 631.49,550.38 626.57,555.99
             609.50,575.45 581.22,584.29 556.00,584.00
             556.00,584.00 531.00,581.00 531.00,581.00
             531.00,581.00 560.00,586.91 560.00,586.91
             560.00,586.91 578.00,586.00 578.00,586.00
             575.27,591.50 570.30,594.00 565.00,596.74
             555.23,601.79 544.91,605.80 534.00,607.78
             530.74,608.09 521.16,609.77 518.63,607.78
             516.32,606.39 513.86,599.74 512.86,597.00
             508.49,584.93 509.71,585.68 508.91,574.00
             508.91,574.00 508.18,562.58 508.18,562.58
             508.18,562.58 509.00,549.00 509.00,549.00
             509.05,547.21 508.90,544.24 510.60,543.11
             512.69,541.73 516.89,543.81 519.00,544.57
             524.40,546.50 530.33,548.49 536.00,547.00
             525.36,546.77 517.71,543.15 509.00,537.36
             492.42,526.35 480.26,510.55 479.09,490.00
             478.88,486.24 479.46,484.51 479.84,481.00
             483.80,443.97 514.66,414.90 545.00,396.60
             555.45,390.30 569.73,381.57 582.00,381.00
             582.95,377.44 585.74,377.12 589.00,376.00
             589.00,376.00 607.00,370.00 607.00,370.00
             607.00,370.00 601.00,370.00 601.00,370.00
             601.00,370.00 614.54,354.00 614.54,354.00
             614.54,354.00 631.00,328.00 631.00,328.00 Z
           M 299.00,566.00
           C 299.00,566.00 293.43,536.00 293.43,536.00
             292.63,531.18 292.84,525.90 287.94,523.17
             285.18,521.63 272.87,520.28 269.00,519.73
             269.00,519.73 228.00,513.61 228.00,513.61
             224.13,512.89 210.08,511.34 207.85,509.15
             205.14,506.48 204.93,498.65 205.01,495.00
             205.28,483.54 210.87,483.32 222.00,477.75
             224.98,476.26 229.68,473.36 233.00,473.86
             236.17,474.33 243.83,480.04 247.00,482.05
             254.89,487.04 263.33,491.08 272.00,494.55
             284.04,499.37 303.32,505.28 316.00,507.80
             321.28,508.85 338.10,511.15 341.70,513.42
             345.78,515.98 345.99,526.56 346.00,531.00
             346.01,535.05 346.53,545.42 344.60,548.58
             342.83,551.48 335.28,553.20 332.00,554.42
             321.44,558.37 309.91,565.11 299.00,566.00 Z
           M 737.00,537.00
           C 737.00,537.00 762.00,537.00 762.00,537.00
             762.00,537.00 762.00,574.00 762.00,574.00
             762.00,574.00 799.00,574.00 799.00,574.00
             799.00,574.00 799.00,599.00 799.00,599.00
             799.00,599.00 762.00,599.00 762.00,599.00
             762.00,599.00 762.00,636.00 762.00,636.00
             762.00,636.00 737.00,636.00 737.00,636.00
             737.00,636.00 737.00,599.00 737.00,599.00
             737.00,599.00 700.00,599.00 700.00,599.00
             700.00,599.00 700.00,574.00 700.00,574.00
             700.00,574.00 737.00,574.00 737.00,574.00
             737.00,574.00 737.00,537.00 737.00,537.00 Z
           M 545.00,548.00
           C 545.00,548.00 536.00,549.00 536.00,549.00
             536.00,549.00 545.00,548.00 545.00,548.00 Z
           M 646.00,632.00
           C 646.00,632.00 648.06,632.00 648.06,632.00
             649.72,638.06 648.98,642.91 648.06,649.00
             644.97,671.52 627.56,693.75 607.00,703.00
             612.93,702.71 619.08,700.72 625.00,699.61
             625.00,699.61 656.00,695.04 656.00,695.04
             656.00,695.04 665.00,695.04 665.00,695.04
             665.00,695.04 677.00,694.00 677.00,694.00
             720.19,693.93 766.76,704.03 797.99,736.00
             817.68,756.16 827.32,782.10 827.00,810.00
             826.95,814.13 825.47,827.44 823.57,830.71
             822.68,832.24 822.30,832.15 821.00,833.00
             820.97,787.97 785.08,756.16 747.00,738.77
             737.62,734.48 715.92,725.52 706.00,727.00
             721.83,730.23 742.65,743.81 755.00,754.08
             787.92,781.45 808.06,819.56 812.17,862.00
             812.17,862.00 813.00,871.00 813.00,871.00
             813.17,885.87 809.81,905.42 803.69,919.00
             778.58,974.71 717.64,996.11 661.00,1002.16
             661.00,1002.16 638.00,1004.00 638.00,1004.00
             630.14,1004.01 610.47,1004.84 604.00,1003.00
             604.00,1003.00 604.00,1001.00 604.00,1001.00
             604.00,1001.00 637.00,990.47 637.00,990.47
             659.77,982.13 681.95,971.86 703.00,959.85
             713.79,953.69 727.97,945.27 737.00,937.00
             737.00,937.00 720.00,947.40 720.00,947.40
             720.00,947.40 681.00,968.74 681.00,968.74
             628.36,994.22 572.61,1009.09 514.00,1009.00
             514.00,1009.00 492.00,1007.15 492.00,1007.15
             449.93,1002.13 411.51,985.49 391.11,946.00
             381.31,927.03 378.97,908.97 379.00,888.00
             379.00,888.00 381.00,862.00 381.00,862.00
             381.00,862.00 382.00,857.00 382.00,857.00
             382.00,857.00 383.00,854.00 383.00,854.00
             383.00,854.00 384.00,850.00 384.00,850.00
             384.00,850.00 386.00,850.00 386.00,850.00
             385.60,846.74 385.35,846.09 388.00,844.00
             388.00,844.00 389.00,838.00 389.00,838.00
             393.74,841.02 403.47,856.95 409.09,863.00
             427.69,883.01 442.84,890.43 468.00,899.00
             474.79,901.32 482.79,905.59 490.00,905.00
             452.05,894.76 433.56,863.89 434.00,826.00
             434.07,820.25 435.04,807.28 440.00,804.00
             440.00,814.51 440.25,818.93 444.20,829.00
             447.00,836.11 449.93,840.99 454.67,847.00
             460.40,854.27 467.96,859.91 476.00,864.41
             509.03,882.89 548.63,875.22 580.00,857.28
             592.39,850.19 596.79,845.66 606.08,835.04
             608.52,832.25 613.36,827.92 614.83,825.00
             616.24,822.19 615.97,818.20 616.43,815.00
             617.53,807.32 618.99,799.79 619.00,792.00
             619.04,766.86 615.53,745.58 603.68,723.00
             599.31,714.66 594.44,706.78 589.16,699.00
             587.72,696.88 583.46,691.75 583.90,689.27
             584.32,686.91 588.09,686.02 590.00,685.31
             595.62,683.22 602.78,680.05 608.00,677.14
             623.77,668.34 644.25,651.28 646.00,632.00 Z
           M 66.00,849.00
           C 66.00,849.00 91.00,849.00 91.00,849.00
             91.00,849.00 91.00,886.00 91.00,886.00
             91.00,886.00 128.00,886.00 128.00,886.00
             128.00,886.00 128.00,911.00 128.00,911.00
             128.00,911.00 91.00,911.00 91.00,911.00
             91.00,911.00 91.00,948.00 91.00,948.00
             91.00,948.00 66.00,948.00 66.00,948.00
             66.00,948.00 66.00,911.00 66.00,911.00
             66.00,911.00 29.00,911.00 29.00,911.00
             29.00,911.00 29.00,886.00 29.00,886.00
             29.00,886.00 66.00,886.00 66.00,886.00
             66.00,886.00 66.00,849.00 66.00,849.00 Z
           M 738.00,936.00
           C 738.00,936.00 737.00,936.00 737.00,936.00
             737.00,936.00 738.00,937.00 738.00,937.00
             738.00,937.00 738.00,936.00 738.00,936.00 Z" />
</svg>
