<?xml version="1.0" encoding="UTF-8" standalone="no"?>
<!DOCTYPE svg PUBLIC "-//W3C//DTD SVG 20010904//EN"
              "http://www.w3.org/TR/2001/REC-SVG-20010904/DTD/svg10.dtd">

<svg xmlns="http://www.w3.org/2000/svg"
     width="71.7128mm" height="112.522mm"
     viewBox="0 0 847 1329">
  <path id="3 mane and tail fixed"
        fill="none" stroke="black" stroke-width="1"
        d="M 448.00,295.00
           C 473.30,298.57 507.28,317.93 524.91,336.04
             531.11,342.41 536.43,349.61 541.33,357.00
             546.41,364.66 556.70,385.08 557.43,394.00
             557.75,397.88 551.07,413.39 549.63,419.00
             544.85,437.56 542.97,451.83 543.00,471.00
             543.01,479.76 544.73,493.24 546.25,502.00
             547.05,506.60 549.31,512.66 547.55,517.00
             541.43,532.05 516.84,549.20 503.00,557.40
             475.22,573.84 430.38,586.95 398.00,587.00
             398.00,587.00 375.00,587.00 375.00,587.00
             363.62,586.98 347.26,584.19 336.00,581.79
             330.53,580.62 321.62,578.83 317.00,576.00
             344.89,570.37 381.78,549.71 402.00,529.99
             410.15,522.04 414.11,517.94 421.20,509.00
             421.91,508.10 427.73,501.41 424.65,500.62
             423.27,500.27 421.87,502.21 421.14,503.08
             421.14,503.08 412.88,512.99 412.88,512.99
             403.52,524.61 391.64,527.30 378.00,531.66
             338.60,544.25 296.88,546.29 256.00,549.09
             256.00,549.09 230.00,551.28 230.00,551.28
             227.03,551.64 217.37,553.23 215.09,552.67
             209.59,551.33 209.89,545.42 204.00,542.00
             204.00,542.00 208.00,554.00 208.00,554.00
             208.00,554.00 194.00,555.84 194.00,555.84
             194.00,555.84 179.00,546.00 179.00,546.00
             179.00,546.00 187.00,559.00 187.00,559.00
             180.00,561.43 162.32,567.39 157.00,571.05
             153.41,573.53 151.21,575.90 148.00,578.72
             141.78,584.17 136.93,587.25 136.00,596.00
             141.82,593.11 145.81,585.99 150.99,581.29
             162.56,570.78 165.82,571.21 180.00,566.18
             182.90,565.15 189.20,562.53 192.00,562.82
             194.45,563.07 199.40,565.99 202.00,567.14
             205.79,568.81 210.58,569.48 213.00,573.00
             213.00,573.00 203.00,573.82 203.00,573.82
             203.00,573.82 178.00,571.00 178.00,571.00
             182.41,578.55 201.72,579.82 210.00,580.00
             210.00,580.00 204.25,607.00 204.25,607.00
             200.96,625.97 200.91,634.08 201.00,653.00
             201.05,663.11 206.62,694.56 210.05,704.00
             212.29,710.15 221.27,725.51 220.82,729.90
             220.41,733.96 216.24,734.89 213.00,736.20
             207.60,738.39 198.29,742.53 194.00,746.21
             183.00,755.67 187.73,764.50 188.00,777.00
             181.27,777.52 177.27,781.52 172.00,785.47
             172.00,785.47 148.00,802.19 148.00,802.19
             145.18,803.92 136.37,808.60 135.23,811.32
             133.79,814.78 138.14,817.90 139.00,826.00
             139.00,826.00 123.00,826.00 123.00,826.00
             100.49,825.96 76.22,813.10 64.23,794.00
             58.45,784.79 57.88,780.95 55.00,771.00
             70.37,774.50 68.48,776.20 86.00,776.00
             104.94,775.77 116.82,765.13 117.91,746.00
             118.87,729.06 107.70,705.90 100.25,691.00
             87.05,664.60 72.65,637.37 73.00,607.00
             73.22,588.03 80.49,569.58 92.46,555.00
             99.95,545.89 103.82,547.01 107.00,541.00
             107.00,541.00 95.00,541.00 95.00,541.00
             87.19,540.99 82.48,539.90 75.00,537.85
             53.57,531.98 36.66,519.83 32.00,497.00
             32.00,497.00 53.00,508.57 53.00,508.57
             73.61,517.45 96.86,520.60 119.00,517.42
             123.55,516.77 139.64,514.86 142.71,512.84
             144.20,511.86 144.19,511.35 145.00,510.00
             145.00,510.00 119.00,511.91 119.00,511.91
             98.50,510.75 76.78,504.63 60.00,492.57
             27.81,469.45 15.38,427.33 27.34,390.00
             30.32,380.70 35.50,367.37 43.00,361.00
             40.97,371.08 40.98,368.31 41.00,379.00
             41.04,402.23 57.39,424.71 82.00,425.00
             102.20,425.23 118.67,415.55 135.00,404.67
             135.00,404.67 201.00,357.03 201.00,357.03
             233.51,334.86 270.08,317.44 309.00,310.42
             329.48,306.73 341.49,306.76 362.00,307.00
             386.72,307.29 416.40,316.60 438.00,328.31
             460.56,340.53 484.78,364.29 495.13,388.00
             498.45,395.63 503.44,410.82 504.92,419.00
             505.87,424.30 506.12,431.94 511.00,435.00
             510.60,416.93 505.16,401.75 499.34,385.00
             499.34,385.00 494.31,369.00 494.31,369.00
             489.62,355.56 480.53,337.83 472.65,326.00
             468.03,319.08 462.92,312.36 457.56,306.00
             457.56,306.00 448.00,295.00 448.00,295.00 Z
           M 718.00,340.00
           C 718.00,340.00 731.00,327.06 731.00,327.06
             732.69,325.55 734.52,323.72 737.00,324.34
             738.94,324.82 741.57,327.60 743.00,329.00
             743.00,329.00 755.00,341.00 755.00,341.00
             756.94,342.91 759.92,346.61 763.00,345.80
             764.86,345.31 767.61,342.37 769.00,341.00
             769.00,341.00 781.00,329.00 781.00,329.00
             783.27,326.77 786.41,322.93 790.00,324.17
             792.40,325.00 800.97,333.73 802.85,336.00
             804.38,337.85 805.70,339.49 804.83,342.00
             803.84,344.88 791.90,356.08 789.00,359.00
             787.24,360.77 783.04,364.40 783.04,367.00
             783.04,369.20 785.59,371.52 787.01,373.00
             787.01,373.00 800.00,386.00 800.00,386.00
             801.93,387.97 805.44,390.89 804.66,394.00
             804.05,396.45 798.00,402.01 796.00,404.00
             793.12,406.86 791.33,408.62 788.00,411.00
             788.00,411.00 762.00,385.00 762.00,385.00
             757.81,390.85 750.28,397.74 745.00,403.00
             743.26,404.74 739.27,409.10 737.00,409.66
             733.21,410.61 723.56,399.98 721.16,397.00
             719.94,395.47 718.81,394.09 719.34,392.00
             719.90,389.73 724.26,385.74 726.00,384.00
             726.00,384.00 744.00,366.00 744.00,366.00
             738.39,361.99 722.01,345.61 718.00,340.00 Z
           M 694.00,435.00
           C 696.65,440.19 697.23,449.08 697.68,455.00
             697.90,458.00 697.35,460.06 697.07,463.00
             695.39,481.27 687.91,496.00 675.00,509.00
             670.17,513.86 667.15,516.83 661.00,520.00
             662.53,513.79 664.97,492.46 665.00,486.00
             665.01,483.36 664.71,479.49 666.02,477.18
             667.86,473.95 676.17,469.87 681.56,463.91
             689.26,455.41 693.07,446.37 694.00,435.00 Z
           M 656.00,544.00
           C 663.91,547.74 671.56,559.41 675.85,567.00
             682.37,578.58 687.48,596.65 686.96,610.00
             686.27,627.87 679.82,649.50 671.00,665.00
             668.55,661.22 667.42,648.62 665.85,643.00
             662.95,632.69 656.66,620.63 650.36,612.00
             647.22,607.69 638.63,599.34 639.69,594.00
             639.69,594.00 646.19,578.00 646.19,578.00
             649.48,569.48 654.76,552.83 656.00,544.00 Z
           M 203.00,560.00
           C 208.07,558.77 211.16,557.96 214.00,563.00
             214.00,563.00 203.00,560.00 203.00,560.00 Z
           M 636.00,602.00
           C 641.41,607.06 645.60,616.14 648.40,623.00
             654.53,638.03 658.97,655.69 659.00,672.00
             659.05,707.11 649.15,740.56 621.00,763.54
             611.61,771.20 603.13,775.56 592.00,780.00
             584.24,783.10 575.35,786.30 567.00,787.00
             567.00,787.00 567.00,790.00 567.00,790.00
             569.97,790.24 576.49,790.92 579.00,792.17
             583.77,794.56 587.12,800.54 602.00,806.55
             611.49,810.38 624.06,811.17 634.00,808.76
             634.00,808.76 643.00,806.00 643.00,806.00
             640.96,812.99 635.88,819.47 631.25,825.00
             616.45,842.67 589.03,854.73 566.00,855.00
             546.55,855.22 545.40,851.75 530.00,849.00
             532.80,854.25 537.57,855.04 543.00,856.57
             549.63,858.44 562.21,860.37 569.00,859.91
             569.00,859.91 580.00,859.00 580.00,859.00
             572.01,868.43 550.19,876.21 538.00,878.39
             535.08,878.91 525.89,880.54 523.63,879.00
             520.95,877.17 517.92,868.26 516.83,865.00
             513.26,854.23 512.87,838.33 513.84,827.00
             514.27,821.88 513.48,820.34 515.00,815.00
             530.29,820.30 533.03,822.00 550.00,822.00
             550.00,822.00 550.00,818.00 550.00,818.00
             541.60,817.69 532.91,817.74 525.00,814.55
             519.41,812.29 517.81,810.83 513.00,807.70
             487.57,791.19 478.02,764.40 488.81,736.00
             500.55,705.11 527.32,682.98 555.00,666.60
             555.00,666.60 575.00,656.46 575.00,656.46
             575.00,656.46 584.83,653.53 584.83,653.53
             589.04,651.76 587.06,651.33 596.00,648.33
             601.29,646.56 612.14,644.56 615.00,640.00
             615.00,640.00 607.00,641.00 607.00,641.00
             607.00,641.00 620.33,626.00 620.33,626.00
             620.33,626.00 636.00,602.00 636.00,602.00 Z
           M 304.00,837.00
           C 304.00,837.00 298.43,807.00 298.43,807.00
             297.63,802.18 297.84,796.90 292.94,794.17
             290.18,792.63 277.87,791.28 274.00,790.73
             274.00,790.73 232.00,784.42 232.00,784.42
             228.25,783.75 215.06,782.32 212.85,780.15
             210.34,777.68 209.90,770.39 210.04,767.00
             210.47,756.46 217.46,755.51 226.00,751.25
             229.07,749.71 233.53,747.00 237.00,747.52
             240.10,747.99 247.83,753.69 251.00,755.68
             258.53,760.43 266.74,764.25 275.00,767.55
             287.04,772.37 306.32,778.28 319.00,780.80
             324.28,781.85 341.10,784.15 344.70,786.42
             348.63,788.89 348.98,798.72 349.00,803.00
             349.02,807.07 349.65,817.31 347.10,820.30
             345.35,822.35 337.85,824.36 335.00,825.42
             324.70,829.27 314.81,834.96 304.00,837.00 Z
           M 741.00,809.00
           C 741.00,809.00 766.00,809.00 766.00,809.00
             766.00,809.00 766.00,846.00 766.00,846.00
             766.00,846.00 803.00,846.00 803.00,846.00
             803.00,846.00 803.00,871.00 803.00,871.00
             803.00,871.00 766.00,871.00 766.00,871.00
             766.00,871.00 766.00,908.00 766.00,908.00
             766.00,908.00 741.00,908.00 741.00,908.00
             741.00,908.00 741.00,871.00 741.00,871.00
             741.00,871.00 704.00,871.00 704.00,871.00
             704.00,871.00 704.00,846.00 704.00,846.00
             704.00,846.00 741.00,846.00 741.00,846.00
             741.00,846.00 741.00,809.00 741.00,809.00 Z
           M 651.00,906.00
           C 652.99,911.01 651.39,920.73 650.10,926.00
             646.55,940.52 636.29,954.88 625.00,964.41
             618.24,970.11 615.11,973.18 606.00,974.00
             606.00,974.00 606.00,977.00 606.00,977.00
             606.00,977.00 632.00,972.25 632.00,972.25
             632.00,972.25 661.00,968.04 661.00,968.04
             661.00,968.04 670.00,968.04 670.00,968.04
             670.00,968.04 687.00,967.00 687.00,967.00
             687.00,967.00 697.00,968.04 697.00,968.04
             697.00,968.04 706.00,968.04 706.00,968.04
             751.94,972.55 797.42,991.95 819.24,1035.00
             827.65,1051.57 831.91,1070.46 829.27,1089.00
             828.60,1093.73 828.20,1098.70 826.00,1103.00
             825.82,1043.70 758.68,1003.11 706.00,996.00
             708.73,1000.90 715.04,1001.48 720.00,1003.58
             730.53,1008.05 737.57,1012.29 747.00,1018.67
             769.94,1034.20 788.70,1057.13 800.74,1082.00
             807.31,1095.57 814.27,1116.95 815.00,1132.00
             815.00,1132.00 815.96,1142.00 815.96,1142.00
             816.36,1151.19 814.09,1167.09 811.57,1176.00
             808.85,1185.63 805.09,1194.39 799.99,1203.00
             774.25,1246.44 720.53,1265.53 673.00,1272.13
             673.00,1272.13 641.00,1275.00 641.00,1275.00
             641.00,1275.00 610.00,1275.00 610.00,1275.00
             610.00,1275.00 610.00,1273.00 610.00,1273.00
             618.85,1271.75 637.19,1265.26 646.00,1261.91
             668.51,1253.35 690.12,1243.13 711.00,1231.15
             719.79,1226.11 738.81,1215.79 743.00,1207.00
             743.00,1207.00 707.00,1227.58 707.00,1227.58
             687.50,1238.62 667.05,1248.22 646.00,1255.95
             646.00,1255.95 606.00,1268.63 606.00,1268.63
             606.00,1268.63 574.00,1275.58 574.00,1275.58
             574.00,1275.58 549.00,1278.96 549.00,1278.96
             549.00,1278.96 540.00,1278.96 540.00,1278.96
             540.00,1278.96 530.00,1280.00 530.00,1280.00
             483.03,1280.55 430.67,1269.56 402.67,1228.00
             396.97,1219.54 392.68,1210.70 389.52,1201.00
             384.84,1186.65 383.83,1173.93 384.00,1159.00
             384.15,1146.39 388.99,1123.54 394.00,1112.00
             398.65,1117.09 403.00,1126.50 413.04,1137.00
             431.75,1156.57 446.05,1163.50 471.00,1172.00
             479.14,1174.78 486.27,1178.27 495.00,1179.00
             491.89,1173.67 485.38,1172.83 480.00,1170.54
             475.22,1168.50 468.95,1164.09 465.00,1160.70
             445.52,1144.01 435.68,1115.19 439.92,1090.00
             440.60,1085.97 441.28,1081.72 443.00,1078.00
             443.00,1088.44 443.62,1093.14 447.60,1103.00
             450.26,1109.56 453.28,1114.44 457.67,1120.00
             463.12,1126.91 470.38,1132.49 478.00,1136.84
             511.66,1156.05 552.82,1148.68 585.00,1130.28
             597.39,1123.19 601.79,1118.66 611.08,1108.04
             613.52,1105.25 618.36,1100.92 619.83,1098.00
             621.24,1095.19 620.97,1091.20 621.43,1088.00
             622.48,1080.70 623.96,1073.40 624.00,1066.00
             624.13,1038.98 621.49,1019.60 609.19,995.00
             609.19,995.00 588.00,961.00 588.00,961.00
             588.00,961.00 608.00,952.74 608.00,952.74
             625.78,944.07 647.75,926.72 651.00,906.00 Z
           M 70.00,1121.00
           C 70.00,1121.00 95.00,1121.00 95.00,1121.00
             95.00,1121.00 95.00,1158.00 95.00,1158.00
             95.00,1158.00 132.00,1158.00 132.00,1158.00
             132.00,1158.00 132.00,1183.00 132.00,1183.00
             132.00,1183.00 95.00,1183.00 95.00,1183.00
             95.00,1183.00 95.00,1220.00 95.00,1220.00
             95.00,1220.00 70.00,1220.00 70.00,1220.00
             70.00,1220.00 70.00,1183.00 70.00,1183.00
             70.00,1183.00 33.00,1183.00 33.00,1183.00
             33.00,1183.00 33.00,1158.00 33.00,1158.00
             33.00,1158.00 70.00,1158.00 70.00,1158.00
             70.00,1158.00 70.00,1121.00 70.00,1121.00 Z" />
</svg>
