<?xml version="1.0" encoding="UTF-8" standalone="no"?>
<!DOCTYPE svg PUBLIC "-//W3C//DTD SVG 20010904//EN"
              "http://www.w3.org/TR/2001/REC-SVG-20010904/DTD/svg10.dtd">

<svg xmlns="http://www.w3.org/2000/svg"
     width="71.7128mm" height="87.1222mm"
     viewBox="0 0 847 1029">
  <path id="4 green eye and box"
        fill="none" stroke="black" stroke-width="1"
        d="M 714.00,68.00
           C 714.00,68.00 727.00,55.06 727.00,55.06
             728.69,53.55 730.52,51.72 733.00,52.34
             734.94,52.82 737.57,55.60 739.00,57.00
             739.00,57.00 751.00,69.00 751.00,69.00
             752.94,70.91 755.92,74.61 759.00,73.80
             760.86,73.31 763.61,70.37 765.00,69.00
             765.00,69.00 777.00,57.00 777.00,57.00
             779.27,54.77 782.41,50.93 786.00,52.17
             788.40,53.00 796.97,61.73 798.85,64.00
             800.38,65.85 801.70,67.49 800.83,70.00
             799.84,72.88 787.90,84.08 785.00,87.00
             783.24,88.77 779.04,92.40 779.04,95.00
             779.04,97.20 781.59,99.52 783.01,101.00
             783.01,101.00 796.00,114.00 796.00,114.00
             797.93,115.97 801.44,118.89 800.66,122.00
             800.05,124.45 794.00,130.01 792.00,132.00
             789.12,134.86 787.33,136.62 784.00,139.00
             784.00,139.00 758.00,113.00 758.00,113.00
             753.81,118.85 746.28,125.74 741.00,131.00
             739.26,132.74 735.27,137.10 733.00,137.66
             730.91,138.19 729.53,137.06 728.00,135.84
             725.02,133.44 714.39,123.79 715.34,120.00
             715.90,117.73 720.26,113.74 722.00,112.00
             722.00,112.00 740.00,94.00 740.00,94.00
             734.39,89.99 718.01,73.61 714.00,68.00 Z
           M 236.00,317.00
           C 240.57,317.41 248.67,319.54 250.85,324.18
             251.43,325.88 251.00,335.45 250.85,338.00
             251.02,349.91 254.86,365.33 270.00,363.00
             268.11,367.39 266.10,369.45 262.00,372.04
             252.12,378.27 244.08,373.38 238.90,364.00
             231.60,350.77 233.31,331.27 236.00,317.00 Z
           M 381.00,366.00
           C 381.00,366.00 406.00,369.00 406.00,369.00
             406.16,376.50 407.99,386.28 411.38,393.00
             419.25,408.65 435.78,417.69 453.00,412.56
             456.86,411.41 460.72,409.56 464.00,407.21
             469.70,403.14 476.01,396.08 479.54,390.00
             481.09,387.33 483.95,379.26 485.70,378.00
             487.81,376.47 492.50,377.67 495.00,378.00
             493.69,385.26 490.04,391.90 486.00,398.00
             472.65,418.14 455.60,426.27 432.00,426.00
             419.38,425.85 406.28,420.29 397.09,411.71
             383.46,398.99 381.00,383.62 381.00,366.00 Z
           M 185.00,662.00
           C 185.00,662.00 174.58,633.00 174.58,633.00
             174.58,633.00 151.75,579.00 151.75,579.00
             151.75,579.00 140.75,555.00 140.75,555.00
             139.58,552.64 136.02,546.40 136.23,544.04
             136.59,540.08 145.73,535.79 149.00,533.80
             154.38,530.51 162.13,524.93 167.00,520.92
             169.92,518.51 175.82,513.14 179.00,511.85
             181.50,510.85 184.35,511.01 187.00,511.00
             189.07,520.09 196.23,534.60 203.09,540.85
             210.83,547.91 217.91,539.83 218.39,537.08
             218.76,534.99 216.31,532.59 215.10,529.96
             213.36,526.16 210.93,519.10 210.00,515.00
             210.00,515.00 243.00,520.58 243.00,520.58
             243.00,520.58 271.00,524.42 271.00,524.42
             271.00,524.42 289.00,527.00 289.00,527.00
             289.03,537.78 292.95,555.47 296.00,566.00
             274.64,575.37 275.97,571.60 251.00,586.76
             251.00,586.76 226.00,605.00 226.00,605.00
             221.86,598.88 217.58,594.07 212.00,589.18
             199.11,577.90 180.66,577.38 172.96,595.00
             171.36,598.68 171.05,602.05 171.00,606.00
             170.87,617.60 174.27,627.37 180.75,637.00
             180.75,637.00 189.93,649.00 189.93,649.00
             191.61,652.98 187.43,658.95 185.00,662.00 Z
           M 737.00,537.00
           C 737.00,537.00 762.00,537.00 762.00,537.00
             762.00,537.00 762.00,574.00 762.00,574.00
             762.00,574.00 799.00,574.00 799.00,574.00
             799.00,574.00 799.00,599.00 799.00,599.00
             799.00,599.00 762.00,599.00 762.00,599.00
             762.00,599.00 762.00,636.00 762.00,636.00
             762.00,636.00 737.00,636.00 737.00,636.00
             737.00,636.00 737.00,599.00 737.00,599.00
             737.00,599.00 700.00,599.00 700.00,599.00
             700.00,599.00 700.00,574.00 700.00,574.00
             700.00,574.00 737.00,574.00 737.00,574.00
             737.00,574.00 737.00,537.00 737.00,537.00 Z
           M 66.00,849.00
           C 66.00,849.00 91.00,849.00 91.00,849.00
             91.00,849.00 91.00,886.00 91.00,886.00
             91.00,886.00 128.00,886.00 128.00,886.00
             128.00,886.00 128.00,911.00 128.00,911.00
             128.00,911.00 91.00,911.00 91.00,911.00
             91.00,911.00 91.00,948.00 91.00,948.00
             91.00,948.00 66.00,948.00 66.00,948.00
             66.00,948.00 66.00,911.00 66.00,911.00
             66.00,911.00 29.00,911.00 29.00,911.00
             29.00,911.00 29.00,886.00 29.00,886.00
             29.00,886.00 66.00,886.00 66.00,886.00
             66.00,886.00 66.00,849.00 66.00,849.00 Z" />
</svg>
