<?xml version="1.0" encoding="UTF-8" standalone="no"?>
<!DOCTYPE svg PUBLIC "-//W3C//DTD SVG 20010904//EN"
              "http://www.w3.org/TR/2001/REC-SVG-20010904/DTD/svg10.dtd">

<svg xmlns="http://www.w3.org/2000/svg"
     width="71.7128mm" height="87.1222mm"
     viewBox="0 0 847 1029">
  <path id="5 white eye and box"
        fill="none" stroke="black" stroke-width="1"
        d="M 714.00,68.00
           C 714.00,68.00 727.00,55.06 727.00,55.06
             728.69,53.55 730.52,51.72 733.00,52.34
             734.94,52.82 737.57,55.60 739.00,57.00
             739.00,57.00 751.00,69.00 751.00,69.00
             752.94,70.91 755.92,74.61 759.00,73.80
             760.86,73.31 763.61,70.37 765.00,69.00
             765.00,69.00 777.00,57.00 777.00,57.00
             779.27,54.77 782.41,50.93 786.00,52.17
             788.40,53.00 796.97,61.73 798.85,64.00
             800.38,65.85 801.70,67.49 800.83,70.00
             799.84,72.88 787.90,84.08 785.00,87.00
             783.24,88.77 779.04,92.40 779.04,95.00
             779.04,97.20 781.59,99.52 783.01,101.00
             783.01,101.00 796.00,114.00 796.00,114.00
             797.93,115.97 801.44,118.89 800.66,122.00
             800.05,124.45 794.00,130.01 792.00,132.00
             789.12,134.86 787.33,136.62 784.00,139.00
             784.00,139.00 758.00,113.00 758.00,113.00
             753.81,118.85 746.28,125.74 741.00,131.00
             739.26,132.74 735.27,137.10 733.00,137.66
             730.91,138.19 729.53,137.06 728.00,135.84
             725.02,133.44 714.39,123.79 715.34,120.00
             715.90,117.73 720.26,113.74 722.00,112.00
             722.00,112.00 740.00,94.00 740.00,94.00
             734.39,89.99 718.01,73.61 714.00,68.00 Z
           M 220.00,370.00
           C 220.00,370.00 216.60,362.00 216.60,362.00
             212.51,349.48 212.11,330.72 215.54,318.00
             215.54,318.00 218.12,311.00 218.12,311.00
             220.56,304.58 222.44,301.27 229.98,304.48
             231.12,304.97 232.55,305.68 233.36,306.65
             235.13,308.75 234.24,312.47 233.87,315.00
             232.63,323.30 231.01,328.13 231.00,337.00
             230.97,355.00 233.13,360.21 243.00,375.00
             230.74,372.19 233.35,368.28 220.00,370.00 Z
           M 264.80,328.00
           C 264.80,328.00 278.00,333.00 278.00,333.00
             277.32,335.32 276.48,338.96 275.15,340.89
             272.05,345.40 266.68,345.24 264.80,339.96
             263.32,336.72 264.20,331.30 264.80,328.00 Z
           M 256.00,339.00
           C 256.00,339.00 258.00,339.00 258.00,339.00
             258.00,339.00 258.00,347.00 258.00,347.00
             254.39,344.57 255.09,342.92 256.00,339.00 Z
           M 501.00,368.00
           C 510.21,368.32 509.92,373.50 507.48,381.00
             504.43,390.40 498.63,400.39 492.38,408.00
             487.00,414.57 473.22,427.35 465.83,431.32
             454.00,437.67 435.28,439.15 422.00,439.00
             394.79,438.68 364.29,426.98 352.31,401.00
             350.35,396.74 347.04,387.59 347.22,383.00
             347.35,379.47 350.52,370.82 351.49,367.00
             352.46,363.16 353.81,355.16 358.21,353.77
             359.94,353.22 372.36,355.53 374.98,356.02
             376.71,356.34 378.58,356.57 379.14,358.43
             379.92,359.85 379.20,363.33 379.14,365.00
             379.14,365.00 379.14,377.00 379.14,377.00
             379.35,406.35 406.56,429.67 435.00,430.00
             468.47,430.38 498.30,401.07 501.00,368.00 Z
           M 440.00,373.00
           C 440.00,373.00 474.00,375.00 474.00,375.00
             472.83,382.43 468.76,389.70 462.00,393.44
             452.24,398.85 441.58,393.98 439.38,383.00
             438.67,379.47 439.38,376.45 440.00,373.00 Z
           M 428.00,395.00
           C 426.73,394.51 425.77,394.40 424.75,393.28
             418.97,386.95 431.95,381.50 429.27,392.00
             429.27,392.00 428.00,395.00 428.00,395.00 Z
           M 196.00,483.00
           C 197.12,485.55 199.13,488.57 199.69,491.00
             200.33,493.74 199.49,497.95 201.01,505.00
             202.35,511.17 205.86,520.40 208.78,526.00
             210.37,529.03 215.96,536.12 212.40,539.21
             208.12,542.91 202.48,532.80 200.69,530.00
             192.58,517.24 188.80,504.12 189.00,489.00
             189.04,486.51 189.01,484.29 190.17,482.00
             193.44,475.55 209.17,468.95 216.00,466.00
             218.63,464.87 224.46,461.68 227.00,461.90
             230.96,462.23 233.44,465.78 235.00,469.00
             235.00,469.00 215.00,477.31 215.00,477.31
             207.02,480.97 205.09,483.97 196.00,483.00 Z
           M 737.00,537.00
           C 737.00,537.00 762.00,537.00 762.00,537.00
             762.00,537.00 762.00,574.00 762.00,574.00
             762.00,574.00 799.00,574.00 799.00,574.00
             799.00,574.00 799.00,599.00 799.00,599.00
             799.00,599.00 762.00,599.00 762.00,599.00
             762.00,599.00 762.00,636.00 762.00,636.00
             762.00,636.00 737.00,636.00 737.00,636.00
             737.00,636.00 737.00,599.00 737.00,599.00
             737.00,599.00 700.00,599.00 700.00,599.00
             700.00,599.00 700.00,574.00 700.00,574.00
             700.00,574.00 737.00,574.00 737.00,574.00
             737.00,574.00 737.00,537.00 737.00,537.00 Z
           M 192.00,650.00
           C 181.70,642.60 173.12,627.61 171.15,615.00
             171.15,615.00 171.15,605.00 171.15,605.00
             171.18,589.85 180.45,579.83 196.00,581.09
             205.64,581.88 213.68,589.22 219.91,596.00
             224.14,600.60 228.34,605.18 221.00,609.00
             219.63,607.47 218.67,606.31 216.91,605.14
             208.61,599.69 201.39,606.75 197.00,607.54
             190.29,608.75 186.50,600.94 180.00,601.25
             172.15,601.63 171.67,609.27 173.81,615.00
             176.64,622.56 180.18,628.72 185.26,635.00
             189.50,640.23 194.38,643.04 192.00,650.00 Z
           M 201.79,586.00
           C 197.85,587.85 190.53,590.99 189.76,596.02
             188.61,603.48 198.96,607.40 201.79,598.00
             202.19,595.76 202.00,588.71 201.79,586.00 Z
           M 66.00,849.00
           C 66.00,849.00 91.00,849.00 91.00,849.00
             91.00,849.00 91.00,886.00 91.00,886.00
             91.00,886.00 128.00,886.00 128.00,886.00
             128.00,886.00 128.00,911.00 128.00,911.00
             128.00,911.00 91.00,911.00 91.00,911.00
             91.00,911.00 91.00,948.00 91.00,948.00
             91.00,948.00 66.00,948.00 66.00,948.00
             66.00,948.00 66.00,911.00 66.00,911.00
             66.00,911.00 29.00,911.00 29.00,911.00
             29.00,911.00 29.00,886.00 29.00,886.00
             29.00,886.00 66.00,886.00 66.00,886.00
             66.00,886.00 66.00,849.00 66.00,849.00 Z" />
</svg>
