<?xml version="1.0" encoding="UTF-8" standalone="no"?>
<!DOCTYPE svg PUBLIC "-//W3C//DTD SVG 20010904//EN"
              "http://www.w3.org/TR/2001/REC-SVG-20010904/DTD/svg10.dtd">

<svg xmlns="http://www.w3.org/2000/svg"
     width="71.7128mm" height="87.1222mm"
     viewBox="0 0 847 1029">
  <path id="6 apple"
        fill="none" stroke="black" stroke-width="1"
        d="M 714.00,68.00
           C 714.00,68.00 727.00,55.06 727.00,55.06
             728.69,53.55 730.52,51.72 733.00,52.34
             734.94,52.82 737.57,55.60 739.00,57.00
             739.00,57.00 751.00,69.00 751.00,69.00
             752.94,70.91 755.92,74.61 759.00,73.80
             760.86,73.31 763.61,70.37 765.00,69.00
             765.00,69.00 777.00,57.00 777.00,57.00
             779.27,54.77 782.41,50.93 786.00,52.17
             788.40,53.00 796.97,61.73 798.85,64.00
             800.38,65.85 801.70,67.49 800.83,70.00
             799.84,72.88 787.90,84.08 785.00,87.00
             783.24,88.77 779.04,92.40 779.04,95.00
             779.04,97.20 781.59,99.52 783.01,101.00
             783.01,101.00 796.00,114.00 796.00,114.00
             797.93,115.97 801.44,118.89 800.66,122.00
             800.05,124.45 794.00,130.01 792.00,132.00
             789.12,134.86 787.33,136.62 784.00,139.00
             784.00,139.00 758.00,113.00 758.00,113.00
             753.81,118.85 746.28,125.74 741.00,131.00
             739.26,132.74 735.27,137.10 733.00,137.66
             730.91,138.19 729.53,137.06 728.00,135.84
             725.02,133.44 714.39,123.79 715.34,120.00
             715.90,117.73 720.26,113.74 722.00,112.00
             722.00,112.00 740.00,94.00 740.00,94.00
             734.39,89.99 718.01,73.61 714.00,68.00 Z
           M 737.00,537.00
           C 737.00,537.00 762.00,537.00 762.00,537.00
             762.00,537.00 762.00,574.00 762.00,574.00
             762.00,574.00 799.00,574.00 799.00,574.00
             799.00,574.00 799.00,599.00 799.00,599.00
             799.00,599.00 762.00,599.00 762.00,599.00
             762.00,599.00 762.00,636.00 762.00,636.00
             762.00,636.00 737.00,636.00 737.00,636.00
             737.00,636.00 737.00,599.00 737.00,599.00
             737.00,599.00 700.00,599.00 700.00,599.00
             700.00,599.00 700.00,574.00 700.00,574.00
             700.00,574.00 737.00,574.00 737.00,574.00
             737.00,574.00 737.00,537.00 737.00,537.00 Z
           M 196.00,645.00
           C 190.15,643.27 186.43,637.78 182.92,633.00
             179.15,627.85 173.85,618.23 172.53,612.00
             171.64,607.79 172.64,603.30 177.04,601.60
             184.52,598.70 190.23,606.91 195.00,607.35
             199.18,607.74 201.70,603.59 209.00,603.10
             213.02,602.82 221.25,604.67 220.89,610.04
             220.71,612.78 214.94,618.75 213.00,621.00
             206.86,628.13 200.13,636.53 196.00,645.00 Z
           M 66.00,849.00
           C 66.00,849.00 91.00,849.00 91.00,849.00
             91.00,849.00 91.00,886.00 91.00,886.00
             91.00,886.00 128.00,886.00 128.00,886.00
             128.00,886.00 128.00,911.00 128.00,911.00
             128.00,911.00 91.00,911.00 91.00,911.00
             91.00,911.00 91.00,948.00 91.00,948.00
             91.00,948.00 66.00,948.00 66.00,948.00
             66.00,948.00 66.00,911.00 66.00,911.00
             66.00,911.00 29.00,911.00 29.00,911.00
             29.00,911.00 29.00,886.00 29.00,886.00
             29.00,886.00 66.00,886.00 66.00,886.00
             66.00,886.00 66.00,849.00 66.00,849.00 Z" />
</svg>
