<?xml version="1.0" encoding="UTF-8" standalone="no"?>
<!DOCTYPE svg PUBLIC "-//W3C//DTD SVG 20010904//EN"
              "http://www.w3.org/TR/2001/REC-SVG-20010904/DTD/svg10.dtd">

<svg xmlns="http://www.w3.org/2000/svg"
     width="71.7128mm" height="87.1222mm"
     viewBox="0 0 847 1029">
  <path id="7 black lines"
        fill="none" stroke="black" stroke-width="1"
        d="M 423.00,13.00
           C 436.33,9.21 456.33,15.21 469.00,19.95
             499.74,31.45 528.66,55.17 545.94,83.00
             552.02,92.80 554.53,100.81 559.00,111.00
             563.38,101.20 571.46,91.57 579.00,84.00
             588.92,74.05 599.93,65.43 613.00,60.01
             616.71,58.47 624.09,55.60 628.00,57.19
             631.83,58.76 634.44,63.49 636.24,67.00
             636.24,67.00 646.05,89.00 646.05,89.00
             655.39,113.98 661.15,140.41 663.09,167.00
             663.09,167.00 664.00,179.00 664.00,179.00
             664.00,179.00 664.00,193.00 664.00,193.00
             669.27,190.51 672.22,186.99 675.12,182.00
             685.97,163.37 680.25,148.23 673.00,130.00
             678.96,129.27 682.09,133.95 685.96,138.00
             696.12,148.63 701.82,163.30 702.00,178.00
             702.27,201.54 698.70,215.46 683.25,234.00
             678.02,240.27 675.45,242.61 669.00,247.57
             662.82,252.33 657.75,254.13 657.35,263.00
             657.11,268.19 660.63,269.79 663.91,273.09
             668.34,277.55 674.88,285.68 678.30,291.00
             688.69,307.15 691.22,323.24 691.00,342.00
             690.80,358.76 684.11,375.85 675.55,390.00
             675.55,390.00 663.85,406.00 663.85,406.00
             662.89,408.39 662.17,419.71 661.83,423.00
             661.24,428.83 659.20,438.31 657.57,444.00
             650.21,469.80 632.98,492.84 610.00,506.80
             602.90,511.10 594.25,515.71 586.00,517.00
             588.68,522.36 593.58,524.42 599.00,526.54
             612.02,531.63 626.86,531.13 639.00,523.91
             646.68,519.34 647.79,515.84 654.00,511.00
             657.22,523.27 644.97,544.75 637.38,554.00
             630.76,562.08 619.16,572.63 610.00,577.69
             610.00,577.69 590.00,586.81 590.00,586.81
             590.00,586.81 570.00,602.30 570.00,602.30
             558.55,609.55 538.60,614.96 525.00,615.00
             527.93,622.67 533.46,628.85 538.73,635.00
             538.73,635.00 566.98,666.00 566.98,666.00
             570.09,669.34 578.11,680.27 582.01,681.08
             585.05,681.70 592.02,678.27 595.00,677.00
             608.31,671.30 621.43,662.21 630.67,651.00
             635.39,645.29 640.63,633.37 641.70,626.00
             642.58,619.96 640.87,612.88 645.00,608.00
             656.54,627.45 658.30,648.60 648.03,669.00
             648.03,669.00 633.00,692.00 633.00,692.00
             633.00,692.00 659.00,689.04 659.00,689.04
             659.00,689.04 668.00,689.04 668.00,689.04
             668.00,689.04 685.00,688.00 685.00,688.00
             685.00,688.00 697.00,688.91 697.00,688.91
             712.00,689.94 726.43,691.70 741.00,695.74
             780.21,706.63 818.45,737.22 830.43,777.00
             834.07,789.07 833.81,794.87 834.26,807.00
             834.82,822.37 829.83,832.24 824.00,846.00
             824.00,846.00 822.00,846.00 822.00,846.00
             822.00,846.00 807.55,803.00 807.55,803.00
             802.04,789.50 794.27,779.23 784.00,769.00
             778.73,763.75 772.00,757.72 765.00,755.00
             767.61,760.52 770.84,762.59 774.83,767.00
             780.83,773.64 786.47,780.60 791.50,788.00
             803.09,805.06 808.76,818.28 814.15,838.00
             814.15,838.00 817.56,851.00 817.56,851.00
             818.67,858.05 819.08,870.69 819.00,878.00
             818.90,886.38 816.61,898.89 814.29,907.00
             810.41,920.60 803.84,932.73 795.37,944.00
             763.96,985.82 711.50,1004.02 661.00,1008.96
             661.00,1008.96 651.00,1008.96 651.00,1008.96
             651.00,1008.96 639.00,1010.00 639.00,1010.00
             639.00,1010.00 612.00,1008.83 612.00,1008.83
             612.00,1008.83 594.00,1007.18 594.00,1007.18
             594.00,1007.18 575.00,1010.73 575.00,1010.73
             575.00,1010.73 542.00,1015.00 542.00,1015.00
             542.00,1015.00 533.00,1015.00 533.00,1015.00
             533.00,1015.00 523.00,1016.00 523.00,1016.00
             523.00,1016.00 507.00,1014.96 507.00,1014.96
             507.00,1014.96 497.00,1014.96 497.00,1014.96
             478.21,1013.04 455.90,1007.48 439.00,999.03
             428.91,993.99 420.66,988.28 412.00,981.08
             409.25,978.79 403.35,972.79 400.00,972.70
             397.48,972.64 394.09,975.01 392.00,976.32
             392.00,976.32 376.00,986.50 376.00,986.50
             358.26,998.10 340.27,1013.74 318.00,1014.00
             306.04,1014.14 306.11,1013.15 295.00,1011.42
             259.24,1005.87 220.76,987.15 198.50,958.00
             193.93,952.01 188.51,943.18 186.22,936.00
             186.22,936.00 181.75,916.00 181.75,916.00
             181.75,916.00 173.17,898.00 173.17,898.00
             169.58,888.72 168.89,880.80 169.00,871.00
             169.42,835.41 206.35,808.72 237.00,798.51
             251.23,793.77 270.02,790.00 285.00,790.00
             281.36,783.56 276.03,787.29 270.00,787.83
             270.00,787.83 255.00,786.72 255.00,786.72
             237.58,784.60 221.22,780.74 205.00,773.99
             205.00,773.99 184.00,763.14 184.00,763.14
             184.00,763.14 167.00,765.00 167.00,765.00
             161.62,765.06 156.02,765.28 151.00,763.03
             135.87,756.25 130.00,732.59 125.34,718.00
             114.03,682.54 111.32,641.21 120.37,605.00
             122.10,598.09 126.64,584.53 129.43,578.00
             131.59,572.93 134.48,568.33 136.00,563.00
             124.39,563.00 116.63,563.49 105.00,560.99
             83.71,556.40 65.45,543.28 53.70,525.00
             48.11,516.31 42.10,499.22 45.00,489.00
             45.00,489.00 55.00,493.53 55.00,493.53
             66.71,497.44 91.14,499.43 100.45,489.61
             102.81,487.12 104.17,483.31 104.88,480.00
             105.48,477.20 106.02,473.85 105.82,471.00
             104.22,448.69 89.19,423.02 79.25,403.00
             63.73,371.75 53.13,334.37 68.78,301.00
             74.42,288.97 77.66,285.34 87.00,276.00
             87.00,276.00 81.00,276.00 81.00,276.00
             61.06,275.91 39.24,262.51 28.55,246.00
             24.23,239.33 21.77,230.89 21.07,223.00
             20.91,221.08 20.16,216.32 22.40,215.41
             24.70,214.48 30.85,218.62 33.00,219.85
             39.38,223.49 51.94,230.01 59.00,231.00
             50.24,227.03 44.68,221.71 38.00,215.00
             -1.89,174.94 1.61,96.72 54.00,69.00
             54.32,76.03 47.36,81.90 45.16,90.00
             39.21,111.85 46.71,138.20 71.00,144.10
             87.22,148.04 106.64,138.41 120.00,129.95
             120.00,129.95 206.00,69.20 206.00,69.20
             225.28,57.50 239.74,49.45 261.00,41.64
             312.83,21.87 373.72,19.19 425.00,41.64
             435.74,46.61 448.98,54.76 457.99,62.26
             457.99,62.26 474.00,77.00 474.00,77.00
             459.37,56.40 459.84,54.06 441.58,33.00
             434.87,25.26 426.30,21.13 423.00,13.00 Z
           M 311.00,303.00
           C 313.72,307.35 318.27,307.69 323.00,308.87
             323.00,308.87 351.00,314.28 351.00,314.28
             394.21,319.90 441.05,313.80 481.00,296.14
             498.46,288.42 521.89,274.27 534.42,259.99
             537.89,256.03 544.73,248.23 545.52,243.00
             545.94,240.23 543.83,232.37 543.25,229.00
             541.93,221.42 540.09,207.49 540.00,200.00
             539.79,181.55 542.18,164.82 546.88,147.00
             546.88,147.00 554.72,123.00 554.72,123.00
             554.64,114.35 543.91,92.46 539.00,85.00
             523.09,60.83 502.49,43.57 476.00,31.86
             462.45,25.87 456.47,24.90 443.00,21.00
             443.05,26.72 447.19,28.95 450.83,33.00
             455.80,38.52 462.73,47.78 466.97,54.00
             475.05,65.84 484.58,84.44 489.31,98.00
             489.31,98.00 496.19,119.00 496.19,119.00
             499.34,127.31 505.71,145.55 504.00,154.00
             503.69,147.21 501.74,139.48 499.66,133.00
             498.64,129.85 498.39,126.94 495.00,126.00
             494.11,116.08 488.71,108.09 483.33,100.00
             469.34,78.92 452.60,64.08 430.00,52.75
             377.73,26.55 314.85,29.10 261.00,49.42
             231.35,60.62 204.68,77.69 179.00,96.00
             157.05,111.65 123.40,139.79 99.00,148.31
             90.76,151.18 81.72,153.11 73.00,151.54
             52.06,147.76 38.10,127.59 38.00,107.00
             37.94,93.55 39.56,96.33 40.00,87.00
             30.75,91.60 23.76,111.22 21.15,121.00
             10.70,160.21 24.84,203.12 60.00,224.94
             74.62,234.01 91.04,238.35 108.00,240.16
             112.14,240.61 113.47,241.14 118.00,240.98
             125.16,240.68 128.26,238.80 136.00,240.98
             136.00,240.98 105.00,245.17 105.00,245.17
             105.00,245.17 98.00,245.92 98.00,245.92
             98.00,245.92 91.00,245.17 91.00,245.17
             79.30,244.04 70.28,242.80 59.00,239.00
             40.59,232.78 35.45,225.69 27.00,223.00
             28.37,252.41 62.68,269.88 89.00,270.00
             94.00,270.02 97.08,269.60 102.00,271.00
             88.62,276.80 79.45,290.77 74.20,304.00
             55.56,351.06 81.85,391.00 101.22,432.00
             106.13,442.39 113.65,462.59 112.82,474.00
             112.57,477.43 111.50,482.87 110.10,486.00
             103.48,500.72 90.45,503.17 76.00,503.00
             66.79,502.89 58.61,499.87 50.00,497.00
             52.47,526.42 77.54,547.43 105.00,553.58
             115.03,555.82 125.75,555.00 136.00,555.00
             135.81,547.23 133.96,545.88 131.00,539.00
             138.63,536.09 158.09,522.91 165.00,517.58
             171.35,512.67 177.67,506.28 186.00,506.00
             184.95,500.22 182.66,488.44 184.74,483.00
             188.49,473.18 209.24,464.64 219.00,462.00
             219.00,462.00 217.03,452.00 217.03,452.00
             214.94,446.14 208.07,438.30 204.42,422.00
             202.21,412.10 198.05,389.60 198.00,380.00
             198.00,380.00 198.00,365.00 198.00,365.00
             198.02,352.08 201.64,332.74 204.65,320.00
             204.65,320.00 208.00,307.00 208.00,307.00
             193.32,306.87 181.80,304.28 169.00,297.00
             180.35,301.51 181.37,301.04 193.00,302.17
             196.53,302.51 198.15,303.13 202.00,302.91
             202.00,302.91 210.00,302.00 210.00,302.00
             209.79,300.76 209.88,299.82 209.01,298.72
             207.88,297.30 198.47,293.95 196.00,292.73
             185.05,287.31 183.42,289.34 172.00,293.34
             156.14,298.91 143.56,309.14 133.00,322.00
             144.56,303.24 163.96,292.80 185.00,288.00
             185.00,288.00 176.00,275.00 176.00,275.00
             179.72,278.68 185.57,284.76 191.00,285.44
             193.79,285.79 202.68,283.62 206.00,283.00
             206.00,283.00 202.00,271.00 202.00,271.00
             203.11,274.79 205.23,279.78 209.17,281.40
             212.28,282.68 222.26,280.92 226.00,280.42
             226.00,280.42 258.00,277.99 258.00,277.99
             258.00,277.99 267.00,277.09 267.00,277.09
             298.96,274.90 330.80,272.39 362.00,264.37
             372.12,261.77 395.06,254.96 403.00,249.21
             409.64,244.40 416.11,234.64 421.00,228.00
             403.96,256.26 372.12,279.91 342.00,292.85
             333.36,296.56 320.18,301.70 311.00,303.00 Z
           M 714.00,68.00
           C 714.00,68.00 727.00,55.06 727.00,55.06
             728.69,53.55 730.52,51.72 733.00,52.34
             734.94,52.82 737.57,55.60 739.00,57.00
             739.00,57.00 751.00,69.00 751.00,69.00
             752.94,70.91 755.92,74.61 759.00,73.80
             760.86,73.31 763.61,70.37 765.00,69.00
             765.00,69.00 777.00,57.00 777.00,57.00
             779.27,54.77 782.41,50.93 786.00,52.17
             788.40,53.00 796.97,61.73 798.85,64.00
             800.38,65.85 801.70,67.49 800.83,70.00
             799.84,72.88 787.90,84.08 785.00,87.00
             783.24,88.77 779.04,92.40 779.04,95.00
             779.04,97.20 781.59,99.52 783.01,101.00
             783.01,101.00 796.00,114.00 796.00,114.00
             797.93,115.97 801.44,118.89 800.66,122.00
             800.05,124.45 794.00,130.01 792.00,132.00
             789.12,134.86 787.33,136.62 784.00,139.00
             784.00,139.00 758.00,113.00 758.00,113.00
             753.81,118.85 746.28,125.74 741.00,131.00
             739.26,132.74 735.27,137.10 733.00,137.66
             730.91,138.19 729.53,137.06 728.00,135.84
             725.02,133.44 714.39,123.79 715.34,120.00
             715.90,117.73 720.26,113.74 722.00,112.00
             722.00,112.00 740.00,94.00 740.00,94.00
             734.39,89.99 718.01,73.61 714.00,68.00 Z
           M 625.00,65.00
           C 610.17,67.33 595.33,78.67 585.00,89.00
             561.12,112.88 545.05,152.11 545.00,186.00
             545.00,186.00 545.00,208.00 545.00,208.00
             545.03,225.12 550.47,247.76 556.00,264.00
             558.50,271.33 565.60,285.57 566.00,292.00
             566.00,292.00 554.86,270.00 554.86,270.00
             554.86,270.00 546.00,248.00 546.00,248.00
             533.20,269.24 518.23,280.74 497.00,292.85
             466.38,310.32 426.28,321.60 391.00,322.00
             391.00,322.00 375.00,322.00 375.00,322.00
             355.35,321.78 335.18,317.53 317.00,309.99
             310.91,307.47 302.10,304.78 298.00,300.00
             318.15,299.99 346.69,287.12 364.00,276.99
             370.05,273.45 379.47,268.05 384.00,263.00
             384.00,263.00 347.00,272.55 347.00,272.55
             321.98,277.56 296.42,279.93 271.00,281.04
             271.00,281.04 255.00,282.00 255.00,282.00
             255.00,282.00 227.00,284.00 227.00,284.00
             224.03,284.15 219.13,284.19 218.58,288.08
             218.21,290.64 220.22,292.40 222.06,293.78
             225.17,296.13 233.98,299.85 238.00,301.69
             238.00,301.69 273.00,317.00 273.00,317.00
             276.63,318.20 283.24,320.69 286.90,319.25
             289.92,318.05 292.10,313.64 294.00,311.00
             296.90,323.38 289.32,321.28 286.00,332.00
             282.85,342.21 275.62,365.51 268.79,372.91
             264.68,377.35 258.04,380.49 252.00,380.90
             240.98,381.66 237.31,374.74 229.00,374.21
             217.39,373.48 210.72,386.11 209.15,396.00
             209.15,396.00 209.15,409.00 209.15,409.00
             209.02,421.93 213.45,434.34 218.70,446.00
             218.70,446.00 222.64,455.71 222.64,455.71
             224.29,458.36 227.24,458.13 230.00,459.11
             236.49,461.41 240.49,464.83 239.00,472.00
             239.00,472.00 250.00,479.55 250.00,479.55
             276.08,495.07 305.17,502.59 335.00,506.15
             335.00,506.15 353.00,508.00 353.00,508.00
             353.00,508.00 370.00,509.00 370.00,509.00
             370.00,509.00 385.00,508.09 385.00,508.09
             385.00,508.09 407.00,506.83 407.00,506.83
             419.28,505.66 431.99,503.96 444.00,501.12
             449.61,499.79 461.13,495.90 466.00,496.00
             466.00,496.00 449.00,501.12 449.00,501.12
             449.00,501.12 401.00,510.71 401.00,510.71
             401.00,510.71 367.00,512.00 367.00,512.00
             363.55,512.04 354.00,512.35 352.02,515.31
             350.79,517.16 351.00,520.81 351.00,523.00
             351.00,523.00 351.00,529.00 351.00,529.00
             351.00,529.00 347.00,567.00 347.00,567.00
             353.99,568.99 363.55,574.39 369.00,579.18
             371.69,581.55 377.70,588.66 381.00,588.89
             383.90,589.09 388.66,584.64 391.00,582.89
             396.84,578.53 408.44,570.42 415.00,568.00
             415.00,568.00 398.00,580.89 398.00,580.89
             398.00,580.89 383.00,593.00 383.00,593.00
             383.00,593.00 391.55,611.00 391.55,611.00
             395.87,621.66 398.40,634.54 399.03,646.00
             399.41,652.74 402.10,659.46 397.00,665.00
             397.00,647.23 394.88,631.75 388.68,615.00
             385.90,607.49 382.04,600.42 377.24,594.00
             361.10,572.40 342.42,567.71 317.00,568.00
             309.68,568.09 297.01,570.50 290.00,572.75
             245.02,587.16 206.48,626.45 185.75,668.00
             179.42,680.69 169.33,708.03 169.34,722.00
             169.34,727.94 171.41,735.92 174.48,741.00
             179.74,749.72 189.24,756.91 198.00,761.85
             205.53,766.09 213.71,769.05 222.00,771.42
             235.09,775.16 248.45,777.54 262.00,778.96
             262.00,778.96 272.00,778.96 272.00,778.96
             272.00,778.96 280.00,779.96 280.00,779.96
             295.63,780.57 303.80,768.83 309.69,756.00
             309.69,756.00 321.81,725.00 321.81,725.00
             327.70,709.84 339.18,686.72 349.00,674.00
             349.00,674.00 341.13,694.00 341.13,694.00
             340.04,696.54 337.63,700.25 338.41,703.00
             339.56,707.05 347.45,712.05 351.00,714.42
             368.73,725.58 385.11,725.44 403.00,714.42
             421.02,703.56 438.10,677.69 447.74,659.00
             451.29,652.12 458.27,634.24 463.00,630.00
             454.23,656.31 438.62,687.29 419.00,707.00
             402.63,723.44 389.51,731.23 366.00,727.00
             366.63,734.47 371.65,748.63 374.42,756.00
             376.14,760.55 377.61,765.45 381.00,769.00
             384.60,764.24 386.07,763.13 389.91,759.00
             389.91,759.00 397.04,751.17 397.04,751.17
             416.62,732.68 442.75,720.87 469.00,715.90
             481.87,713.32 500.48,711.87 513.00,715.90
             513.00,715.90 491.00,717.00 491.00,717.00
             459.56,717.15 423.04,732.99 400.00,753.93
             388.31,764.55 378.17,777.89 373.00,793.00
             366.31,812.57 365.34,827.88 370.37,848.00
             371.78,853.62 373.97,862.77 379.00,866.00
             380.03,858.70 383.00,848.71 386.05,842.00
             386.05,842.00 390.00,834.00 390.00,834.00
             395.45,836.83 403.14,849.57 407.61,855.00
             417.32,866.79 437.86,885.41 453.00,889.00
             447.27,880.90 442.45,876.71 437.89,867.00
             428.44,846.89 427.46,823.97 434.51,803.00
             436.96,795.71 440.48,786.41 446.00,781.00
             445.78,790.94 443.81,788.55 444.00,805.00
             444.39,838.07 468.19,860.74 499.00,868.25
             508.86,870.66 518.05,870.03 528.00,870.00
             522.29,856.53 522.10,853.44 524.00,838.78
             524.00,838.78 518.00,838.78 518.00,838.78
             512.61,837.68 505.43,833.92 513.11,828.93
             514.83,827.82 517.97,827.12 520.00,826.65
             525.04,825.48 535.45,821.70 540.13,824.18
             546.75,828.00 542.06,834.76 540.13,840.00
             538.06,847.08 538.76,857.54 545.06,862.43
             551.79,867.66 560.33,863.31 567.00,860.23
             586.45,851.26 594.88,826.07 590.00,806.00
             591.69,805.46 594.24,804.52 596.00,804.55
             598.37,804.58 600.17,805.62 601.86,807.23
             608.46,813.49 606.49,825.07 605.00,833.00
             612.23,827.64 611.86,823.34 613.00,815.00
             613.00,815.00 614.96,792.00 614.96,792.00
             614.96,792.00 614.09,784.00 614.09,784.00
             613.20,771.04 612.75,761.74 608.96,749.00
             599.50,717.15 578.80,690.29 556.83,666.00
             556.83,666.00 544.72,653.00 544.72,653.00
             533.55,640.31 519.34,625.59 512.31,610.00
             508.31,601.13 505.05,578.89 504.94,569.00
             504.94,569.00 504.94,549.00 504.94,549.00
             505.03,546.66 505.65,542.00 504.94,540.09
             504.94,540.09 489.18,525.00 489.18,525.00
             479.39,513.86 474.84,499.67 475.00,485.00
             475.38,451.49 505.32,419.75 531.00,401.72
             531.00,401.72 560.00,384.00 560.00,384.00
             551.89,383.93 537.77,381.86 530.00,379.56
             530.00,379.56 519.00,376.00 519.00,376.00
             510.48,395.77 489.36,423.77 468.00,430.00
             468.00,430.00 481.00,419.83 481.00,419.83
             491.64,410.33 498.78,400.93 504.69,388.00
             506.62,383.78 511.55,372.45 506.57,369.02
             504.98,367.93 502.83,368.06 501.00,368.00
             498.47,398.98 469.93,429.63 438.00,430.00
             408.12,430.33 379.37,408.25 379.09,377.00
             379.09,377.00 379.09,364.73 379.09,364.73
             379.09,362.97 379.98,360.03 379.09,358.43
             378.48,356.31 375.93,356.19 374.00,355.87
             370.32,355.28 359.31,352.38 356.65,354.64
             352.76,357.93 350.03,374.36 347.00,380.00
             345.88,366.20 345.52,363.68 350.00,350.00
             346.96,348.71 344.65,347.90 342.09,345.66
             337.08,341.27 332.75,332.35 340.00,328.00
             341.37,336.69 346.96,341.22 355.00,344.29
             364.77,348.02 383.27,350.56 394.00,351.85
             423.47,355.37 479.02,360.05 508.00,360.00
             518.25,359.98 530.83,358.29 541.00,356.59
             546.58,355.65 554.68,353.49 560.00,354.00
             560.00,354.00 548.00,359.56 548.00,359.56
             548.00,359.56 531.00,364.00 531.00,364.00
             531.00,364.00 559.00,366.00 559.00,366.00
             559.00,366.00 594.00,364.00 594.00,364.00
             594.00,364.00 584.00,367.78 584.00,367.78
             576.94,370.01 560.53,371.99 553.00,372.00
             547.45,372.01 534.57,371.19 530.00,373.00
             543.45,377.48 549.04,378.19 563.00,379.24
             565.51,379.25 567.46,379.76 570.00,379.24
             570.00,379.24 584.00,374.67 584.00,374.67
             588.61,373.15 592.88,372.47 597.00,369.75
             603.00,365.80 609.58,357.00 613.66,351.00
             622.84,337.48 632.11,318.52 637.33,303.00
             656.99,244.60 660.61,180.93 645.63,121.00
             639.87,97.96 633.42,86.04 625.00,65.00 Z
           M 505.00,157.00
           C 505.00,157.00 505.00,162.00 505.00,162.00
             505.00,162.00 505.00,157.00 505.00,157.00 Z
           M 690.00,161.00
           C 687.13,167.72 688.85,175.04 679.76,187.00
             676.14,191.76 673.78,193.96 669.00,197.52
             666.63,199.29 662.43,201.70 661.02,204.18
             659.71,206.49 660.01,210.36 660.00,213.00
             660.00,213.00 656.00,250.00 656.00,250.00
             662.47,247.49 667.18,242.85 672.00,238.00
             685.82,224.08 692.10,210.30 694.16,191.00
             694.50,187.90 695.05,186.28 694.82,183.00
             694.38,176.86 693.75,165.69 690.00,161.00 Z
           M 605.00,187.00
           C 607.69,193.30 607.01,201.25 607.00,208.00
             607.00,208.00 606.09,220.00 606.09,220.00
             604.37,244.97 599.29,271.25 586.40,293.00
             582.26,299.98 578.30,307.75 572.00,313.00
             572.00,313.00 592.98,263.00 592.98,263.00
             597.81,247.46 603.97,218.01 604.00,202.00
             604.00,202.00 605.00,187.00 605.00,187.00 Z
           M 665.00,395.00
           C 672.69,390.93 677.77,372.36 679.87,364.00
             686.49,337.66 685.30,314.82 671.14,291.00
             667.00,284.04 659.30,273.45 652.00,270.00
             652.00,270.00 648.29,283.00 648.29,283.00
             648.29,283.00 640.00,308.00 640.00,308.00
             638.63,311.44 633.39,322.09 633.92,325.00
             634.42,327.76 638.92,332.63 640.79,335.00
             645.71,341.24 648.41,345.10 652.39,352.00
             661.84,368.42 661.88,377.59 665.00,395.00 Z
           M 211.00,293.00
           C 211.71,283.15 203.23,285.86 197.00,287.00
             199.95,291.70 205.94,291.66 211.00,293.00 Z
           M 243.00,375.00
           C 233.13,360.21 230.97,355.00 231.00,337.00
             231.01,329.25 232.15,324.44 233.72,317.00
             233.97,314.73 234.99,309.37 233.72,307.39
             232.05,304.08 224.54,302.00 221.50,304.60
             219.57,306.25 217.53,312.42 216.55,315.00
             212.01,327.08 212.24,345.71 216.00,358.00
             211.99,353.34 211.47,346.92 210.93,341.00
             209.60,326.69 211.23,320.79 214.00,307.00
             210.25,310.09 208.99,321.07 208.00,326.00
             204.90,341.51 202.82,357.17 203.00,373.00
             203.05,376.80 203.62,383.55 205.00,387.00
             208.58,378.76 216.79,368.42 227.00,369.42
             227.00,369.42 243.00,375.00 243.00,375.00 Z
           M 270.00,363.00
           C 251.72,365.82 250.88,344.61 250.85,332.00
             251.02,329.98 251.43,325.88 250.85,324.18
             248.67,319.54 240.57,317.41 236.00,317.00
             233.31,331.27 231.60,350.77 238.90,364.00
             244.08,373.38 252.12,378.27 262.00,372.04
             266.10,369.45 268.11,367.39 270.00,363.00 Z
           M 278.00,333.00
           C 278.00,333.00 264.80,328.00 264.80,328.00
             264.20,331.30 263.32,336.72 264.80,339.96
             266.68,345.24 272.05,345.40 275.15,340.89
             276.48,338.96 277.32,335.32 278.00,333.00 Z
           M 564.00,516.00
           C 572.35,515.30 581.24,512.10 589.00,509.00
             620.11,496.59 639.11,476.79 649.67,445.00
             653.10,434.65 655.87,419.89 656.00,409.00
             656.26,386.23 653.60,369.09 644.57,348.00
             641.76,341.43 637.48,331.37 631.00,328.00
             631.00,328.00 614.54,354.00 614.54,354.00
             614.54,354.00 601.00,370.00 601.00,370.00
             601.00,370.00 607.00,371.00 607.00,371.00
             600.85,371.55 594.83,374.00 589.00,376.00
             585.74,377.12 582.95,377.44 582.00,381.00
             569.49,381.58 554.64,390.74 544.00,397.20
             514.12,415.35 483.74,444.54 479.84,481.00
             479.46,484.51 478.88,486.24 479.09,490.00
             479.54,497.85 482.56,507.13 486.31,514.00
             493.73,527.59 509.22,540.28 524.00,544.97
             524.00,544.97 545.00,549.00 545.00,549.00
             536.67,548.99 528.96,547.80 521.00,545.25
             518.54,544.47 512.88,541.61 510.60,543.11
             508.49,544.51 509.06,549.70 508.96,552.00
             508.96,552.00 508.11,567.01 508.11,567.01
             508.11,567.01 508.91,574.00 508.91,574.00
             509.75,586.33 508.69,586.46 513.61,599.00
             514.56,601.40 516.55,606.56 518.63,607.78
             521.16,609.77 530.74,608.09 534.00,607.78
             544.91,605.80 555.23,601.79 565.00,596.74
             570.30,594.00 575.27,591.50 578.00,586.00
             578.00,586.00 563.00,586.96 563.00,586.96
             551.87,587.31 536.66,583.48 527.00,578.00
             558.86,590.24 593.71,583.55 620.00,562.20
             626.76,556.71 640.88,541.09 640.00,532.00
             629.48,535.65 627.65,537.13 616.00,537.00
             605.88,536.88 595.44,532.92 587.00,527.45
             587.00,527.45 576.00,519.17 576.00,519.17
             576.00,519.17 564.00,516.00 564.00,516.00 Z
           M 258.00,339.00
           C 258.00,339.00 256.00,339.00 256.00,339.00
             255.09,342.92 254.39,344.57 258.00,347.00
             258.00,347.00 258.00,339.00 258.00,339.00 Z
           M 406.00,369.00
           C 406.00,369.00 381.00,366.00 381.00,366.00
             381.00,383.62 383.46,398.99 397.09,411.71
             409.51,423.31 422.61,426.19 439.00,426.00
             458.31,425.77 475.61,413.67 486.00,398.00
             490.04,391.90 493.69,385.26 495.00,378.00
             492.50,377.67 487.81,376.47 485.70,378.00
             483.95,379.26 481.09,387.33 479.54,390.00
             476.01,396.08 469.70,403.14 464.00,407.21
             460.72,409.56 456.86,411.41 453.00,412.56
             435.78,417.69 419.25,408.65 411.38,393.00
             407.99,386.28 406.16,376.50 406.00,369.00 Z
           M 441.00,373.00
           C 436.11,382.63 442.38,396.05 454.00,395.74
             464.92,395.44 472.44,384.92 474.00,375.00
             474.00,375.00 441.00,373.00 441.00,373.00 Z
           M 428.00,395.00
           C 428.00,395.00 429.27,392.00 429.27,392.00
             431.95,381.50 418.97,386.95 424.75,393.28
             425.77,394.40 426.73,394.51 428.00,395.00 Z
           M 414.00,437.00
           C 414.00,437.00 415.00,437.00 415.00,437.00
             415.00,437.00 414.00,438.00 414.00,438.00
             414.00,438.00 414.00,437.00 414.00,437.00 Z
           M 235.00,469.00
           C 233.44,465.78 230.96,462.23 227.00,461.90
             224.46,461.68 218.63,464.87 216.00,466.00
             209.17,468.95 193.44,475.55 190.17,482.00
             189.01,484.29 189.04,486.51 189.00,489.00
             188.80,504.12 192.58,517.24 200.69,530.00
             202.48,532.80 208.12,542.91 212.40,539.21
             215.96,536.12 210.37,529.03 208.78,526.00
             205.86,520.40 202.35,511.17 201.01,505.00
             199.49,497.95 200.33,493.74 199.69,491.00
             199.13,488.57 197.12,485.55 196.00,483.00
             205.09,483.97 207.02,480.97 215.00,477.31
             215.00,477.31 235.00,469.00 235.00,469.00 Z
           M 299.00,566.00
           C 309.91,565.11 321.44,558.37 332.00,554.42
             335.28,553.20 342.83,551.48 344.60,548.58
             346.53,545.42 346.01,535.05 346.00,531.00
             345.99,526.56 345.78,515.98 341.70,513.42
             338.10,511.15 321.28,508.85 316.00,507.80
             303.32,505.28 284.04,499.37 272.00,494.55
             263.33,491.08 254.89,487.04 247.00,482.05
             243.83,480.04 236.17,474.33 233.00,473.86
             229.68,473.36 224.98,476.26 222.00,477.75
             210.87,483.32 205.28,483.54 205.01,495.00
             204.93,498.65 205.14,506.48 207.85,509.15
             210.08,511.34 224.13,512.89 228.00,513.61
             228.00,513.61 269.00,519.73 269.00,519.73
             272.87,520.28 285.18,521.63 287.94,523.17
             292.84,525.90 292.63,531.18 293.43,536.00
             293.43,536.00 299.00,566.00 299.00,566.00 Z
           M 187.00,511.00
           C 187.00,511.00 179.00,511.85 179.00,511.85
             179.00,511.85 153.00,531.26 153.00,531.26
             153.00,531.26 136.00,543.00 136.00,543.00
             154.76,553.68 174.90,558.62 196.00,562.42
             209.09,564.79 216.39,567.00 230.00,567.00
             233.23,560.24 239.14,557.58 245.00,553.36
             245.00,553.36 283.00,526.00 283.00,526.00
             283.00,526.00 210.00,515.00 210.00,515.00
             210.93,519.10 213.36,526.16 215.10,529.96
             216.31,532.59 218.76,534.99 218.39,537.08
             217.91,539.83 210.83,547.91 203.09,540.85
             196.23,534.60 189.07,520.09 187.00,511.00 Z
           M 289.00,527.00
           C 278.91,529.75 274.09,534.96 266.00,540.96
             266.00,540.96 256.00,547.24 256.00,547.24
             256.00,547.24 245.00,554.81 245.00,554.81
             239.49,558.31 232.55,562.02 232.00,569.00
             220.22,569.00 206.60,566.12 195.00,563.66
             195.00,563.66 160.00,555.26 160.00,555.26
             160.00,555.26 150.00,551.65 150.00,551.65
             144.56,549.24 143.40,547.74 137.00,546.00
             137.00,546.00 157.58,592.00 157.58,592.00
             157.58,592.00 174.58,633.00 174.58,633.00
             174.58,633.00 185.00,662.00 185.00,662.00
             185.00,662.00 193.09,648.09 193.09,648.09
             193.09,648.09 216.42,617.00 216.42,617.00
             216.42,617.00 227.01,605.43 227.01,605.43
             227.01,605.43 234.31,597.83 234.31,597.83
             234.31,597.83 233.75,590.00 233.75,590.00
             233.75,590.00 231.00,573.00 231.00,573.00
             235.38,578.15 235.30,589.25 237.00,596.00
             237.00,596.00 249.00,588.04 249.00,588.04
             249.00,588.04 264.00,579.26 264.00,579.26
             264.00,579.26 296.00,566.00 296.00,566.00
             292.95,555.47 289.03,537.78 289.00,527.00 Z
           M 737.00,537.00
           C 737.00,537.00 762.00,537.00 762.00,537.00
             762.00,537.00 762.00,574.00 762.00,574.00
             762.00,574.00 799.00,574.00 799.00,574.00
             799.00,574.00 799.00,599.00 799.00,599.00
             799.00,599.00 762.00,599.00 762.00,599.00
             762.00,599.00 762.00,636.00 762.00,636.00
             762.00,636.00 737.00,636.00 737.00,636.00
             737.00,636.00 737.00,599.00 737.00,599.00
             737.00,599.00 700.00,599.00 700.00,599.00
             700.00,599.00 700.00,574.00 700.00,574.00
             700.00,574.00 737.00,574.00 737.00,574.00
             737.00,574.00 737.00,537.00 737.00,537.00 Z
           M 137.00,545.00
           C 137.00,545.00 136.00,545.00 136.00,545.00
             136.00,545.00 137.00,546.00 137.00,546.00
             137.00,546.00 137.00,545.00 137.00,545.00 Z
           M 344.00,553.00
           C 336.82,555.10 327.03,557.31 322.00,563.00
             322.00,563.00 334.00,563.78 334.00,563.78
             334.00,563.78 340.44,563.78 340.44,563.78
             340.44,563.78 344.00,553.00 344.00,553.00 Z
           M 143.00,570.00
           C 143.00,570.00 141.00,570.00 141.00,570.00
             135.21,584.48 130.85,594.47 127.42,610.00
             120.48,641.50 122.57,680.15 132.02,711.00
             135.15,721.19 138.23,732.39 142.78,742.00
             145.20,747.11 147.70,751.88 153.00,754.77
             158.50,757.31 171.81,755.82 178.00,754.77
             172.93,747.70 170.16,745.95 166.34,737.00
             160.06,722.31 165.08,707.18 170.42,693.00
             170.42,693.00 178.25,675.00 178.25,675.00
             179.95,671.58 182.19,667.98 181.57,664.00
             181.57,664.00 170.20,636.00 170.20,636.00
             170.20,636.00 143.00,570.00 143.00,570.00 Z
           M 173.00,624.00
           C 173.00,624.00 174.00,624.00 174.00,624.00
             174.00,624.00 173.00,625.00 173.00,625.00
             173.00,625.00 173.00,624.00 173.00,624.00 Z
           M 647.17,632.00
           C 644.57,637.23 645.31,639.17 640.77,647.00
             633.72,659.15 622.94,668.28 611.00,675.40
             604.67,679.17 597.89,682.31 591.00,684.94
             588.93,685.73 584.35,686.76 583.90,689.27
             583.46,691.75 587.72,696.88 589.16,699.00
             594.44,706.78 599.31,714.66 603.68,723.00
             615.53,745.58 619.04,766.86 619.00,792.00
             618.99,799.83 617.51,807.29 616.43,815.00
             616.03,817.83 616.42,821.89 615.39,824.17
             613.83,827.61 608.84,832.04 606.17,835.00
             595.70,846.58 592.78,849.97 579.00,857.85
             547.52,875.84 507.80,882.57 475.00,863.84
             467.38,859.49 460.12,853.91 454.67,847.00
             449.93,840.99 447.00,836.11 444.20,829.00
             440.25,818.93 440.00,814.51 440.00,804.00
             433.96,807.99 433.92,826.07 434.00,833.00
             434.28,856.29 446.07,879.98 465.00,893.57
             476.65,901.94 478.81,899.80 490.00,906.00
             481.57,904.30 476.82,902.06 469.00,899.34
             447.81,891.99 434.01,886.73 417.00,870.91
             410.29,864.67 404.76,858.44 399.43,851.00
             395.93,846.12 394.13,841.26 389.00,838.00
             389.00,838.00 388.00,844.00 388.00,844.00
             385.35,846.09 385.60,846.74 386.00,850.00
             386.00,850.00 384.00,850.00 384.00,850.00
             384.00,850.00 383.00,854.00 383.00,854.00
             383.00,854.00 382.00,857.00 382.00,857.00
             382.00,857.00 381.00,862.00 381.00,862.00
             381.00,862.00 379.00,888.00 379.00,888.00
             378.96,911.45 382.11,931.50 394.45,952.00
             422.42,998.47 476.75,1009.58 527.00,1009.00
             527.00,1009.00 537.00,1007.96 537.00,1007.96
             537.00,1007.96 546.00,1007.96 546.00,1007.96
             614.44,1001.31 681.08,973.91 738.00,936.00
             728.21,945.33 713.83,953.65 702.00,960.42
             669.07,979.26 639.22,990.50 603.00,1001.00
             603.00,1001.00 603.00,1003.00 603.00,1003.00
             610.31,1004.78 629.46,1004.01 638.00,1004.00
             638.00,1004.00 670.00,1001.13 670.00,1001.13
             716.98,994.61 769.35,976.11 795.77,934.00
             827.07,884.13 812.13,819.50 776.74,776.00
             762.09,757.99 742.17,742.03 721.00,732.31
             716.47,730.23 711.79,728.27 707.00,726.87
             702.34,725.51 702.15,726.14 697.00,724.00
             704.59,724.35 723.29,729.75 731.00,732.33
             774.88,747.02 820.96,782.62 821.00,833.00
             824.67,830.62 824.64,828.11 825.39,824.00
             827.00,815.14 827.10,810.89 827.00,802.00
             826.76,781.95 817.50,760.81 805.63,745.00
             776.41,706.11 723.18,693.93 677.00,694.00
             677.00,694.00 665.00,695.04 665.00,695.04
             665.00,695.04 656.00,695.04 656.00,695.04
             656.00,695.04 628.00,699.08 628.00,699.08
             620.93,700.27 609.23,703.94 603.00,703.00
             612.11,702.18 615.24,699.11 622.00,693.41
             633.39,683.80 644.11,668.77 647.17,654.00
             648.65,647.96 650.82,637.19 647.17,632.00 Z
           M 335.00,708.00
           C 332.99,711.09 332.19,713.71 330.69,717.00
             322.32,735.32 316.90,764.27 301.91,777.68
             298.90,780.37 295.53,782.13 292.00,784.00
             293.34,787.02 296.56,791.63 294.35,794.70
             291.30,798.92 281.72,797.72 277.00,798.28
             262.13,800.05 246.98,803.14 233.00,808.61
             206.76,818.88 177.37,839.84 177.00,871.00
             176.82,886.99 179.91,893.64 186.00,908.00
             186.00,908.00 188.00,908.00 188.00,908.00
             217.09,857.49 275.45,836.74 330.00,827.59
             330.00,827.59 363.00,823.00 363.00,823.00
             363.00,810.68 364.68,802.55 369.06,791.00
             370.57,787.03 375.50,778.09 375.69,775.00
             375.92,771.16 370.86,760.36 369.34,756.00
             369.34,756.00 362.98,736.00 362.98,736.00
             362.38,734.06 360.63,727.82 359.70,726.49
             358.49,724.77 352.25,721.51 350.00,719.97
             350.00,719.97 335.00,708.00 335.00,708.00 Z
           M 484.00,825.58
           C 488.31,825.03 492.55,825.91 494.82,830.10
             497.53,835.11 493.42,843.44 487.99,844.67
             478.61,846.79 471.18,830.68 484.00,825.58 Z
           M 363.00,829.00
           C 348.97,829.13 334.66,832.33 321.00,835.20
             285.30,842.70 252.82,853.52 224.00,876.80
             213.26,885.48 206.44,892.39 198.86,904.00
             194.57,910.56 191.67,913.82 192.04,922.00
             192.38,929.50 199.62,942.39 203.44,949.00
             219.58,976.98 258.39,994.61 289.00,1001.21
             296.88,1002.91 306.98,1004.90 315.00,1005.00
             318.32,1005.04 323.92,1005.18 327.00,1004.47
             337.70,1002.02 354.57,989.34 364.00,983.07
             364.00,983.07 381.00,972.29 381.00,972.29
             381.00,972.29 397.00,964.00 397.00,964.00
             397.00,964.00 385.18,942.00 385.18,942.00
             379.86,930.32 376.02,912.85 376.08,900.00
             376.08,900.00 376.08,882.00 376.08,882.00
             376.51,878.46 377.98,872.23 377.28,869.00
             376.66,866.17 371.90,858.29 370.25,855.00
             365.49,845.54 363.10,839.78 363.00,829.00 Z
           M 66.00,849.00
           C 66.00,849.00 91.00,849.00 91.00,849.00
             91.00,849.00 91.00,886.00 91.00,886.00
             91.00,886.00 128.00,886.00 128.00,886.00
             128.00,886.00 128.00,911.00 128.00,911.00
             128.00,911.00 91.00,911.00 91.00,911.00
             91.00,911.00 91.00,948.00 91.00,948.00
             91.00,948.00 66.00,948.00 66.00,948.00
             66.00,948.00 66.00,911.00 66.00,911.00
             66.00,911.00 29.00,911.00 29.00,911.00
             29.00,911.00 29.00,886.00 29.00,886.00
             29.00,886.00 66.00,886.00 66.00,886.00
             66.00,886.00 66.00,849.00 66.00,849.00 Z
           M 454.00,889.00
           C 454.00,889.00 453.00,889.00 453.00,889.00
             453.00,889.00 454.00,890.00 454.00,890.00
             454.00,890.00 454.00,889.00 454.00,889.00 Z" />
</svg>
