<?xml version="1.0" encoding="UTF-8" standalone="no"?>
<!DOCTYPE svg PUBLIC "-//W3C//DTD SVG 20010904//EN"
              "http://www.w3.org/TR/2001/REC-SVG-20010904/DTD/svg10.dtd">

<svg xmlns="http://www.w3.org/2000/svg"
     width="71.7128mm" height="112.522mm"
     viewBox="0 0 847 1329">
  <path id="7 black lines fixed 2"
        fill="none" stroke="black" stroke-width="1"
        d="M 718.00,340.00
           C 718.00,340.00 731.00,327.06 731.00,327.06
             732.69,325.55 734.52,323.72 737.00,324.34
             738.94,324.82 741.57,327.60 743.00,329.00
             743.00,329.00 755.00,341.00 755.00,341.00
             756.94,342.91 759.92,346.61 763.00,345.80
             764.86,345.31 767.61,342.37 769.00,341.00
             769.00,341.00 781.00,329.00 781.00,329.00
             783.27,326.77 786.41,322.93 790.00,324.17
             792.40,325.00 800.97,333.73 802.85,336.00
             804.38,337.85 805.70,339.49 804.83,342.00
             803.84,344.88 791.90,356.08 789.00,359.00
             787.24,360.77 783.04,364.40 783.04,367.00
             783.04,369.20 785.59,371.52 787.01,373.00
             787.01,373.00 800.00,386.00 800.00,386.00
             801.93,387.97 805.44,390.89 804.66,394.00
             804.05,396.45 798.00,402.01 796.00,404.00
             793.12,406.86 791.33,408.62 788.00,411.00
             788.00,411.00 762.00,385.00 762.00,385.00
             757.81,390.85 750.28,397.74 745.00,403.00
             743.26,404.74 739.27,409.10 737.00,409.66
             734.91,410.19 733.53,409.06 732.00,407.84
             729.02,405.44 718.39,395.79 719.34,392.00
             719.90,389.73 724.26,385.74 726.00,384.00
             726.00,384.00 744.00,366.00 744.00,366.00
             738.39,361.99 722.01,345.61 718.00,340.00 Z
           M 550.00,512.00
           C 550.00,512.00 551.00,512.00 551.00,512.00
             551.00,512.00 550.00,513.00 550.00,513.00
             550.00,513.00 550.00,512.00 550.00,512.00 Z
           M 235.00,620.00
           C 235.00,620.00 238.02,621.59 238.02,621.59
             238.02,621.59 243.00,637.00 243.00,637.00
             236.48,634.77 236.46,625.80 235.00,620.00 Z
           M 383.00,639.00
           C 383.00,639.00 385.00,639.00 385.00,639.00
             385.00,646.33 385.03,649.68 386.66,657.00
             387.80,662.08 390.02,665.86 388.00,671.00
             382.37,656.82 383.00,653.64 383.00,639.00 Z
           M 741.00,809.00
           C 741.00,809.00 766.00,809.00 766.00,809.00
             766.00,809.00 766.00,846.00 766.00,846.00
             766.00,846.00 803.00,846.00 803.00,846.00
             803.00,846.00 803.00,871.00 803.00,871.00
             803.00,871.00 766.00,871.00 766.00,871.00
             766.00,871.00 766.00,908.00 766.00,908.00
             766.00,908.00 741.00,908.00 741.00,908.00
             741.00,908.00 741.00,871.00 741.00,871.00
             741.00,871.00 704.00,871.00 704.00,871.00
             704.00,871.00 704.00,846.00 704.00,846.00
             704.00,846.00 741.00,846.00 741.00,846.00
             741.00,846.00 741.00,809.00 741.00,809.00 Z
           M 70.00,1121.00
           C 70.00,1121.00 95.00,1121.00 95.00,1121.00
             95.00,1121.00 95.00,1158.00 95.00,1158.00
             95.00,1158.00 132.00,1158.00 132.00,1158.00
             132.00,1158.00 132.00,1183.00 132.00,1183.00
             132.00,1183.00 95.00,1183.00 95.00,1183.00
             95.00,1183.00 95.00,1220.00 95.00,1220.00
             95.00,1220.00 70.00,1220.00 70.00,1220.00
             70.00,1220.00 70.00,1183.00 70.00,1183.00
             70.00,1183.00 33.00,1183.00 33.00,1183.00
             33.00,1183.00 33.00,1158.00 33.00,1158.00
             33.00,1158.00 70.00,1158.00 70.00,1158.00
             70.00,1158.00 70.00,1121.00 70.00,1121.00 Z" />
</svg>
