<?xml version="1.0" encoding="UTF-8" standalone="no"?>
<!DOCTYPE svg PUBLIC "-//W3C//DTD SVG 20010904//EN"
              "http://www.w3.org/TR/2001/REC-SVG-20010904/DTD/svg10.dtd">

<svg xmlns="http://www.w3.org/2000/svg"
     width="71.7128mm" height="112.522mm"
     viewBox="0 0 847 1329">
  <path id="7 black lines fixed 1"
        fill="none" stroke="black" stroke-width="1"
        d="M 718.00,340.00
           C 718.00,340.00 731.00,327.06 731.00,327.06
             732.69,325.55 734.52,323.72 737.00,324.34
             738.94,324.82 741.57,327.60 743.00,329.00
             743.00,329.00 755.00,341.00 755.00,341.00
             756.94,342.91 759.92,346.61 763.00,345.80
             764.86,345.31 767.61,342.37 769.00,341.00
             769.00,341.00 781.00,329.00 781.00,329.00
             783.27,326.77 786.41,322.93 790.00,324.17
             792.40,325.00 800.97,333.73 802.85,336.00
             804.38,337.85 805.70,339.49 804.83,342.00
             803.84,344.88 791.90,356.08 789.00,359.00
             787.24,360.77 783.04,364.40 783.04,367.00
             783.04,369.20 785.59,371.52 787.01,373.00
             787.01,373.00 800.00,386.00 800.00,386.00
             801.93,387.97 805.44,390.89 804.66,394.00
             804.05,396.45 798.00,402.01 796.00,404.00
             793.12,406.86 791.33,408.62 788.00,411.00
             788.00,411.00 762.00,385.00 762.00,385.00
             757.81,390.85 750.28,397.74 745.00,403.00
             743.26,404.74 739.27,409.10 737.00,409.66
             734.91,410.19 733.53,409.06 732.00,407.84
             729.02,405.44 718.39,395.79 719.34,392.00
             719.90,389.73 724.26,385.74 726.00,384.00
             726.00,384.00 744.00,366.00 744.00,366.00
             738.39,361.99 722.01,345.61 718.00,340.00 Z
           M 608.00,459.00
           C 608.00,459.00 611.00,459.00 611.00,459.00
             611.00,459.00 611.00,485.00 611.00,485.00
             610.97,505.45 603.11,542.19 593.27,560.00
             593.27,560.00 579.39,583.41 579.39,583.41
             578.05,584.58 577.53,584.50 576.00,585.00
             577.18,578.80 580.06,575.48 582.89,570.00
             586.88,562.29 590.40,554.18 593.31,546.00
             598.93,530.20 606.97,499.40 607.00,483.00
             607.00,483.00 608.00,459.00 608.00,459.00 Z
           M 550.00,512.00
           C 550.00,512.00 554.00,513.00 554.00,513.00
             555.41,523.02 561.08,538.48 565.01,548.00
             566.81,552.36 571.13,559.47 570.00,564.00
             570.00,564.00 555.20,534.00 555.20,534.00
             555.20,534.00 550.00,520.00 550.00,520.00
             541.84,538.26 522.01,553.39 505.00,563.15
             475.07,580.33 432.71,593.94 398.00,594.00
             398.00,594.00 387.00,594.66 387.00,594.66
             387.00,594.66 378.00,594.00 378.00,594.00
             358.34,593.77 338.19,589.53 320.00,581.99
             314.53,579.72 304.83,577.00 302.00,572.00
             312.99,571.97 323.80,568.27 334.00,564.42
             352.48,557.45 372.54,547.34 388.00,535.00
             356.51,545.49 323.95,549.82 291.00,552.09
             291.00,552.09 260.00,554.00 260.00,554.00
             260.00,554.00 233.00,555.97 233.00,555.97
             230.04,556.13 224.79,555.98 223.32,559.26
             222.20,561.75 224.31,563.66 226.06,565.07
             229.79,568.10 237.36,571.05 242.00,573.22
             242.00,573.22 276.00,588.33 276.00,588.33
             279.44,589.49 286.53,592.29 289.96,591.17
             293.31,590.08 295.32,585.67 298.00,583.00
             301.41,595.13 293.62,594.92 290.63,603.01
             286.43,614.43 281.03,637.32 272.79,645.82
             267.74,651.03 260.10,653.27 253.00,652.96
             239.95,652.39 234.66,640.26 223.02,650.22
             208.17,662.92 212.42,687.63 217.43,704.00
             217.43,704.00 222.00,717.00 222.00,717.00
             220.34,716.86 218.88,716.93 217.39,715.98
             214.43,714.09 211.50,705.45 210.35,702.00
             207.17,692.45 202.02,662.14 202.00,652.00
             201.99,643.56 200.88,642.02 207.00,639.00
             207.00,639.00 209.00,659.00 209.00,659.00
             211.67,649.65 220.55,640.41 231.00,641.22
             234.57,641.50 242.61,645.52 247.00,647.00
             247.00,647.00 240.00,637.00 240.00,637.00
             247.12,638.21 246.85,642.50 253.00,645.55
             261.03,649.52 270.01,641.35 274.00,635.00
             254.76,639.49 254.91,615.31 254.81,603.00
             255.02,601.32 255.30,598.13 254.81,596.67
             252.56,592.32 244.42,589.69 240.00,589.00
             240.00,589.00 238.08,600.00 238.08,600.00
             238.08,600.00 238.08,620.00 238.08,620.00
             238.08,620.00 235.00,620.00 235.00,620.00
             235.00,609.93 234.57,603.10 236.46,593.00
             237.11,589.53 239.35,582.45 237.23,579.39
             236.44,578.25 235.19,577.52 233.98,576.92
             225.02,572.50 223.47,580.51 220.95,587.00
             215.21,601.81 217.17,614.99 220.00,630.00
             215.81,626.79 215.43,619.95 215.00,615.00
             215.00,615.00 214.04,606.00 214.04,606.00
             213.84,599.63 216.18,585.29 218.00,579.00
             214.39,583.50 212.48,595.13 212.00,601.00
             212.00,601.00 208.16,599.40 208.16,599.40
             208.16,599.40 208.16,593.00 208.16,593.00
             208.16,593.00 212.00,579.00 212.00,579.00
             209.31,576.35 211.13,575.03 214.00,574.00
             214.00,574.00 212.00,570.00 212.00,570.00
             212.00,570.00 216.00,564.00 216.00,564.00
             216.00,564.00 214.00,554.00 214.00,554.00
             214.00,554.00 231.00,552.17 231.00,552.17
             231.00,552.17 270.00,549.09 270.00,549.09
             302.54,546.86 335.32,544.42 367.00,535.85
             373.29,534.15 390.82,528.87 396.00,526.18
             402.90,522.58 406.31,516.90 414.00,515.00
             412.05,521.34 398.52,532.38 393.00,536.80
             376.61,549.93 360.46,559.54 341.00,567.40
             333.85,570.28 322.54,574.37 315.00,575.00
             319.95,580.22 330.99,581.77 338.00,583.20
             363.80,588.44 372.33,588.04 398.00,588.00
             436.64,587.94 487.98,570.95 519.00,548.12
             529.52,540.37 547.48,525.25 550.00,512.00 Z
           M 644.00,566.00
           C 644.00,566.00 649.00,567.00 649.00,567.00
             649.00,567.00 641.57,587.00 641.57,587.00
             641.57,587.00 638.54,597.00 638.54,597.00
             638.54,597.00 644.00,605.00 644.00,605.00
             644.00,605.00 655.20,621.00 655.20,621.00
             655.20,621.00 658.48,629.00 658.48,629.00
             658.48,629.00 654.00,637.00 654.00,637.00
             652.40,626.81 643.02,606.32 635.00,600.00
             631.32,611.65 615.96,631.29 608.00,641.00
             608.00,641.00 614.00,641.00 614.00,641.00
             614.00,641.00 614.00,644.00 614.00,644.00
             614.00,644.00 585.00,651.00 585.00,651.00
             585.00,651.00 586.00,655.19 586.00,655.19
             583.29,655.00 578.48,654.85 576.00,655.19
             570.37,656.60 553.52,666.42 548.00,669.81
             526.25,683.16 503.27,703.98 491.76,727.00
             487.06,736.41 482.42,751.44 483.18,762.00
             483.90,771.85 488.38,782.98 494.04,791.00
             498.71,797.61 504.34,799.79 505.00,808.00
             497.37,803.90 491.13,796.46 486.87,789.00
             462.19,745.76 497.94,699.89 532.00,675.15
             543.12,667.08 552.39,662.61 564.00,656.00
             548.83,655.95 537.15,652.91 523.00,648.00
             518.73,662.96 501.48,684.28 489.00,693.25
             483.87,696.95 478.27,700.81 472.00,702.00
             474.18,698.54 482.15,693.64 486.00,689.96
             496.69,679.75 502.50,672.41 508.69,659.00
             511.99,651.87 516.93,640.97 505.00,640.00
             503.57,671.07 474.70,701.63 443.00,702.00
             425.44,702.20 410.63,697.89 398.04,684.99
             393.64,680.48 387.44,673.70 390.00,667.00
             392.98,673.18 396.93,679.07 402.04,683.71
             436.40,714.92 487.66,691.99 499.00,650.03
             496.65,649.81 492.38,648.88 490.41,650.03
             488.02,651.50 485.68,659.10 484.10,662.00
             480.69,668.27 474.79,675.07 469.00,679.21
             454.68,689.46 433.41,688.42 421.46,674.91
             413.29,665.67 410.11,653.12 410.00,641.00
             410.00,641.00 391.00,638.22 391.00,638.22
             391.00,638.22 382.00,638.22 382.00,638.22
             382.58,635.98 383.87,632.41 382.81,630.43
             381.42,627.86 369.19,626.40 366.00,626.06
             355.29,624.91 356.36,644.85 351.00,652.00
             349.56,641.10 349.59,632.37 354.00,622.00
             347.40,619.92 342.45,617.29 340.56,610.00
             339.43,605.70 339.42,601.65 344.00,600.00
             344.61,602.58 345.10,604.70 346.70,606.91
             355.69,619.36 383.57,621.84 398.00,623.72
             398.00,623.72 459.00,629.09 459.00,629.09
             459.00,629.09 487.00,631.09 487.00,631.09
             487.00,631.09 499.00,632.00 499.00,632.00
             515.61,632.03 527.54,631.35 544.00,628.59
             544.00,628.59 564.00,625.00 564.00,625.00
             562.58,628.54 560.49,628.74 557.00,630.14
             557.00,630.14 535.00,636.00 535.00,636.00
             550.34,638.02 564.60,638.48 580.00,636.83
             580.00,636.83 598.00,634.00 598.00,634.00
             595.88,639.47 587.17,640.41 582.00,641.39
             576.53,642.42 565.40,643.93 560.00,644.00
             552.78,644.08 540.47,643.16 534.00,645.00
             545.13,647.54 552.90,650.85 565.00,650.83
             565.00,650.83 575.00,650.83 575.00,650.83
             579.73,649.85 598.34,643.06 601.99,640.29
             607.02,636.47 614.68,626.44 618.33,621.00
             629.82,603.87 637.51,585.46 644.00,566.00 Z
           M 418.00,709.00
           C 418.00,709.00 419.00,709.00 419.00,709.00
             419.00,709.00 418.00,710.00 418.00,710.00
             418.00,710.00 418.00,709.00 418.00,709.00 Z
           M 347.00,779.00
           C 347.00,779.00 362.00,780.00 362.00,780.00
             362.00,780.00 378.00,781.00 378.00,781.00
             378.00,781.00 388.00,779.96 388.00,779.96
             388.00,779.96 398.00,779.96 398.00,779.96
             398.00,779.96 409.00,778.15 409.00,778.15
             409.00,778.15 434.00,774.92 434.00,774.92
             434.00,774.92 470.00,766.00 470.00,766.00
             467.59,772.26 452.24,774.31 446.00,775.87
             434.84,778.66 399.16,783.98 388.00,784.00
             388.00,784.00 372.00,784.00 372.00,784.00
             368.05,784.05 367.76,784.21 364.00,784.72
             357.00,785.68 355.14,786.38 355.09,794.00
             355.09,794.00 355.09,800.00 355.09,800.00
             355.09,800.00 355.09,809.00 355.09,809.00
             355.09,809.00 351.00,839.00 351.00,839.00
             358.40,840.39 368.37,846.23 374.00,851.18
             376.64,853.50 381.42,859.50 385.00,859.32
             387.63,859.18 393.64,854.37 396.00,852.72
             402.11,848.45 411.85,841.36 419.00,840.00
             417.24,845.38 411.58,847.55 407.00,850.42
             407.00,850.42 387.00,865.00 387.00,865.00
             397.78,885.40 401.39,894.72 403.09,918.00
             403.49,923.55 406.27,933.33 401.00,937.00
             401.00,922.47 399.23,907.89 394.81,894.00
             391.46,883.50 386.13,872.32 378.82,864.00
             373.39,857.82 366.24,851.29 359.00,847.31
             352.30,843.64 349.25,843.01 342.00,841.55
             311.22,835.36 281.30,847.47 256.00,864.33
             249.31,868.79 242.89,873.60 237.00,879.09
             228.98,886.56 221.37,894.52 214.42,903.00
             214.42,903.00 201.00,920.00 201.00,920.00
             201.11,910.99 205.04,906.94 210.42,900.00
             210.42,900.00 228.17,879.17 228.17,879.17
             230.31,877.03 236.02,872.73 237.22,870.71
             238.70,868.26 237.75,865.60 237.22,863.00
             236.06,857.43 235.13,853.78 235.00,848.00
             235.00,848.00 238.00,848.00 238.00,848.00
             238.00,848.00 242.00,867.00 242.00,867.00
             242.00,867.00 253.00,859.38 253.00,859.38
             269.21,849.05 282.02,843.99 300.00,838.00
             296.44,828.33 293.01,809.32 293.00,799.00
             293.00,799.00 278.00,808.20 278.00,808.20
             278.00,808.20 264.00,818.48 264.00,818.48
             264.00,818.48 252.00,825.86 252.00,825.86
             246.75,829.28 237.85,834.98 236.00,841.00
             216.01,841.00 198.22,836.93 179.00,831.88
             164.00,827.94 154.54,826.81 141.00,818.00
             141.00,818.00 144.00,826.00 144.00,826.00
             142.68,825.77 141.84,825.87 140.63,825.01
             137.06,822.46 132.97,813.19 136.33,809.52
             136.33,809.52 158.00,794.67 158.00,794.67
             160.19,793.21 165.65,789.29 167.96,788.84
             170.74,788.31 172.59,790.19 171.18,792.85
             170.05,794.97 165.10,798.22 163.00,799.71
             163.00,799.71 155.00,805.19 155.00,805.19
             150.45,808.01 145.89,810.82 141.00,813.00
             158.13,824.41 164.22,824.07 183.00,829.15
             196.77,832.88 219.00,837.99 233.00,838.00
             234.82,832.08 242.04,827.68 247.00,824.21
             247.00,824.21 260.00,816.14 260.00,816.14
             260.00,816.14 274.00,805.91 274.00,805.91
             274.00,805.91 286.00,798.00 286.00,798.00
             286.00,798.00 255.00,794.00 255.00,794.00
             255.00,794.00 256.00,789.00 256.00,789.00
             256.00,789.00 282.00,792.87 282.00,792.87
             285.13,793.31 291.30,793.81 293.70,795.74
             296.94,798.34 296.92,804.14 297.61,808.00
             297.61,808.00 303.00,838.00 303.00,838.00
             319.48,835.77 306.66,834.96 330.00,835.11
             333.05,835.00 342.78,836.52 344.44,835.11
             346.70,833.47 347.76,825.01 348.42,822.00
             350.38,813.09 350.10,810.99 350.00,802.00
             350.00,802.00 347.00,779.00 347.00,779.00 Z
           M 741.00,809.00
           C 741.00,809.00 766.00,809.00 766.00,809.00
             766.00,809.00 766.00,846.00 766.00,846.00
             766.00,846.00 803.00,846.00 803.00,846.00
             803.00,846.00 803.00,871.00 803.00,871.00
             803.00,871.00 766.00,871.00 766.00,871.00
             766.00,871.00 766.00,908.00 766.00,908.00
             766.00,908.00 741.00,908.00 741.00,908.00
             741.00,908.00 741.00,871.00 741.00,871.00
             741.00,871.00 704.00,871.00 704.00,871.00
             704.00,871.00 704.00,846.00 704.00,846.00
             704.00,846.00 741.00,846.00 741.00,846.00
             741.00,846.00 741.00,809.00 741.00,809.00 Z
           M 141.00,817.00
           C 141.00,817.00 140.00,817.00 140.00,817.00
             140.00,817.00 141.00,818.00 141.00,818.00
             141.00,818.00 141.00,817.00 141.00,817.00 Z
           M 464.00,902.00
           C 464.00,902.00 467.00,902.00 467.00,902.00
             466.23,909.40 458.67,924.70 455.22,932.00
             440.38,963.41 410.67,1009.01 370.00,999.00
             371.32,1008.33 379.82,1033.42 385.00,1041.00
             390.06,1031.58 405.92,1017.52 415.00,1011.34
             437.84,995.79 461.54,987.80 489.00,985.91
             489.00,985.91 498.00,985.03 498.00,985.03
             498.00,985.03 517.00,987.00 517.00,987.00
             517.00,987.00 517.00,990.00 517.00,990.00
             517.00,990.00 503.00,989.00 503.00,989.00
             457.11,988.47 408.33,1011.04 384.20,1051.00
             372.70,1070.04 368.61,1092.23 373.21,1114.00
             374.84,1121.72 377.60,1133.41 386.00,1136.00
             386.00,1136.00 385.00,1141.00 385.00,1141.00
             379.03,1139.99 377.46,1136.05 374.78,1131.00
             369.42,1120.90 367.01,1112.45 367.00,1101.00
             353.20,1101.30 339.43,1104.37 326.00,1107.20
             290.30,1114.70 257.82,1125.52 229.00,1148.80
             217.93,1157.75 210.68,1165.02 202.86,1177.00
             200.44,1180.70 196.87,1185.65 196.21,1190.00
             194.68,1200.14 204.53,1212.93 208.00,1222.00
             205.23,1222.00 199.64,1222.40 197.38,1220.98
             195.08,1219.54 193.28,1215.44 192.18,1213.00
             188.42,1204.62 188.34,1198.35 186.32,1190.00
             186.32,1190.00 176.80,1169.00 176.80,1169.00
             171.69,1154.71 172.26,1143.57 175.00,1129.00
             175.00,1129.00 183.00,1129.00 183.00,1129.00
             182.26,1137.81 180.87,1135.57 181.00,1147.00
             181.17,1161.66 186.55,1167.80 190.00,1180.00
             190.00,1180.00 192.00,1180.00 192.00,1180.00
             200.62,1160.09 222.42,1141.28 241.00,1130.72
             274.51,1111.66 306.10,1103.15 344.00,1097.87
             344.00,1097.87 367.00,1095.00 367.00,1095.00
             367.00,1082.05 368.25,1075.25 372.69,1063.00
             372.69,1063.00 379.40,1047.00 379.40,1047.00
             379.66,1043.70 374.38,1032.04 373.00,1028.00
             373.00,1028.00 366.66,1008.00 366.66,1008.00
             365.91,1005.60 364.59,1000.23 363.15,998.49
             363.15,998.49 353.00,991.97 353.00,991.97
             353.00,991.97 338.00,980.00 338.00,980.00
             338.00,980.00 327.72,1008.00 327.72,1008.00
             327.72,1008.00 320.42,1035.00 320.42,1035.00
             319.58,1038.03 318.50,1043.50 317.07,1046.00
             315.34,1049.02 310.98,1053.20 308.00,1054.99
             303.12,1057.94 301.28,1055.85 299.00,1062.00
             299.00,1062.00 294.00,1062.00 294.00,1062.00
             294.00,1062.00 291.00,1059.00 291.00,1059.00
             291.60,1048.94 295.05,1054.14 302.00,1049.99
             305.79,1047.74 310.05,1042.99 311.95,1039.00
             311.95,1039.00 323.75,1001.00 323.75,1001.00
             326.73,992.00 334.31,976.75 338.76,968.00
             338.76,968.00 346.03,955.00 346.03,955.00
             348.19,950.72 348.17,947.69 353.00,946.00
             352.27,952.87 348.33,959.69 345.58,966.00
             344.72,967.96 342.08,972.47 342.58,974.42
             343.44,977.80 351.05,983.04 354.00,985.00
             368.34,994.50 381.75,998.02 398.00,990.69
             424.64,978.68 445.96,944.00 457.69,918.00
             457.69,918.00 464.00,902.00 464.00,902.00 Z
           M 591.00,976.00
           C 592.99,976.07 595.00,975.97 596.79,977.02
             599.90,978.84 604.59,988.46 606.58,992.00
             615.43,1007.79 622.78,1032.83 623.00,1051.00
             623.18,1066.57 623.20,1070.48 620.75,1086.00
             620.25,1089.23 620.45,1094.70 619.46,1097.00
             618.01,1100.36 610.50,1107.64 607.58,1111.00
             586.11,1135.72 550.01,1147.37 518.00,1147.00
             502.95,1146.82 485.42,1141.24 473.00,1132.78
             466.92,1128.64 459.69,1124.38 463.00,1116.00
             474.72,1130.78 495.45,1140.03 514.00,1141.92
             514.00,1141.92 532.00,1141.92 532.00,1141.92
             526.32,1131.74 525.97,1122.35 528.00,1110.86
             528.00,1110.86 522.00,1110.86 522.00,1110.86
             518.75,1110.28 512.98,1109.51 513.58,1104.98
             513.80,1103.27 514.85,1101.90 516.23,1100.93
             517.97,1099.71 521.85,1098.91 524.00,1098.42
             529.28,1097.23 540.02,1093.27 544.74,1096.17
             550.72,1099.81 546.35,1107.30 544.74,1112.00
             542.12,1119.34 542.83,1128.26 549.06,1133.66
             556.09,1139.75 563.83,1135.13 571.00,1131.77
             583.09,1126.08 592.80,1111.20 594.70,1098.00
             595.55,1092.15 595.04,1083.83 594.00,1078.00
             595.64,1077.32 597.21,1076.59 599.00,1076.37
             613.13,1074.67 611.17,1096.79 609.00,1105.00
             610.82,1103.12 612.76,1101.29 614.07,1099.00
             616.96,1093.91 617.57,1080.18 618.10,1074.00
             619.37,1061.58 618.50,1066.68 618.10,1056.00
             617.25,1038.01 614.72,1023.71 607.57,1007.00
             607.57,1007.00 591.00,976.00 591.00,976.00 Z
           M 488.00,1097.58
           C 492.31,1097.03 496.55,1097.91 498.82,1102.10
             501.53,1107.11 497.42,1115.44 491.99,1116.67
             482.61,1118.79 475.18,1102.68 488.00,1097.58 Z
           M 70.00,1121.00
           C 70.00,1121.00 95.00,1121.00 95.00,1121.00
             95.00,1121.00 95.00,1158.00 95.00,1158.00
             95.00,1158.00 132.00,1158.00 132.00,1158.00
             132.00,1158.00 132.00,1183.00 132.00,1183.00
             132.00,1183.00 95.00,1183.00 95.00,1183.00
             95.00,1183.00 95.00,1220.00 95.00,1220.00
             95.00,1220.00 70.00,1220.00 70.00,1220.00
             70.00,1220.00 70.00,1183.00 70.00,1183.00
             70.00,1183.00 33.00,1183.00 33.00,1183.00
             33.00,1183.00 33.00,1158.00 33.00,1158.00
             33.00,1158.00 70.00,1158.00 70.00,1158.00
             70.00,1158.00 70.00,1121.00 70.00,1121.00 Z
           M 408.00,1123.00
           C 408.00,1123.00 426.00,1140.96 426.00,1140.96
             434.05,1148.66 446.47,1157.25 457.00,1161.00
             448.27,1152.08 440.88,1141.31 438.00,1129.00
             438.00,1129.00 443.00,1129.00 443.00,1129.00
             447.64,1145.42 461.40,1161.08 476.00,1169.54
             481.82,1172.91 488.64,1173.85 494.00,1178.00
             485.58,1176.81 479.82,1174.06 472.00,1171.34
             451.90,1164.37 442.07,1161.00 425.00,1147.20
             420.71,1143.72 410.83,1134.88 408.85,1130.00
             407.93,1127.71 408.03,1125.41 408.00,1123.00 Z
           M 458.00,1161.00
           C 458.00,1161.00 457.00,1161.00 457.00,1161.00
             457.00,1161.00 458.00,1162.00 458.00,1162.00
             458.00,1162.00 458.00,1161.00 458.00,1161.00 Z" />
</svg>
