<?xml version="1.0" encoding="UTF-8" standalone="no"?>
<!DOCTYPE svg PUBLIC "-//W3C//DTD SVG 20010904//EN"
              "http://www.w3.org/TR/2001/REC-SVG-20010904/DTD/svg10.dtd">

<svg xmlns="http://www.w3.org/2000/svg"
     width="24in" height="24in"
     viewBox="0 0 7200 7200">
  <path id="Collar (Cut 2)"
        fill="none" stroke="black" stroke-width="1"
        d="M 6851.00,2160.46
           C 6857.68,2160.11 6858.88,2162.80 6859.00,2169.00
             6859.00,2169.00 6859.00,2209.00 6859.00,2209.00
             6859.00,2209.00 6859.00,2355.00 6859.00,2355.00
             6859.00,2355.00 6860.00,2370.00 6860.00,2370.00
             6860.00,2370.00 6860.00,2649.00 6860.00,2649.00
             6860.00,2649.00 6861.00,2666.00 6861.00,2666.00
             6861.00,2666.00 6861.00,2860.00 6861.00,2860.00
             6861.00,2860.00 6861.00,2948.00 6861.00,2948.00
             6861.00,2948.00 6862.00,2963.00 6862.00,2963.00
             6862.00,2963.00 6862.00,3156.00 6862.00,3156.00
             6862.00,3156.00 6862.00,3244.00 6862.00,3244.00
             6862.00,3244.00 6863.00,3259.00 6863.00,3259.00
             6863.00,3259.00 6863.00,3368.00 6863.00,3368.00
             6863.00,3368.00 6863.00,3496.00 6863.00,3496.00
             6863.00,3496.00 6863.00,3540.00 6863.00,3540.00
             6863.00,3540.00 6863.68,3551.00 6863.68,3551.00
             6863.68,3551.00 6863.00,3561.00 6863.00,3561.00
             6863.00,3561.00 6863.00,3754.00 6863.00,3754.00
             6863.00,3754.00 6863.00,3842.00 6863.00,3842.00
             6863.00,3842.00 6862.00,3857.00 6862.00,3857.00
             6862.00,3857.00 6862.00,4050.00 6862.00,4050.00
             6862.00,4050.00 6862.00,4138.00 6862.00,4138.00
             6862.00,4138.00 6861.00,4153.00 6861.00,4153.00
             6861.00,4153.00 6861.00,4347.00 6861.00,4347.00
             6861.00,4347.00 6861.00,4435.00 6861.00,4435.00
             6861.00,4435.00 6860.00,4450.00 6860.00,4450.00
             6860.00,4450.00 6860.00,4729.00 6860.00,4729.00
             6860.00,4729.00 6859.00,4746.00 6859.00,4746.00
             6859.00,4746.00 6859.00,4928.00 6859.00,4928.00
             6858.99,4931.50 6859.42,4935.96 6855.85,4937.96
             6853.09,4939.52 6848.02,4938.00 6845.00,4937.40
             6845.00,4937.40 6818.00,4931.37 6818.00,4931.37
             6776.46,4920.98 6732.09,4905.44 6692.00,4890.19
             6617.29,4861.77 6536.21,4826.28 6466.00,4788.31
             6466.00,4788.31 6412.00,4756.67 6412.00,4756.67
             6406.31,4752.87 6394.09,4744.70 6390.98,4739.00
             6387.77,4733.10 6386.54,4714.32 6385.83,4707.00
             6385.83,4707.00 6384.00,4685.00 6384.00,4685.00
             6384.00,4685.00 6384.00,4630.00 6384.00,4630.00
             6384.00,4630.00 6384.96,4619.00 6384.96,4619.00
             6386.36,4586.81 6391.25,4554.78 6396.59,4523.00
             6405.39,4470.52 6417.63,4418.64 6430.37,4367.00
             6442.18,4319.17 6454.86,4271.39 6464.20,4223.00
             6467.86,4204.00 6473.97,4167.55 6474.00,4149.00
             6474.00,4149.00 6474.00,4096.00 6474.00,4096.00
             6474.00,4096.00 6475.00,4079.00 6475.00,4079.00
             6475.00,4079.00 6475.00,4057.00 6475.00,4057.00
             6475.00,4057.00 6476.00,4041.00 6476.00,4041.00
             6476.00,4041.00 6476.00,4020.00 6476.00,4020.00
             6476.00,4020.00 6477.00,4004.00 6477.00,4004.00
             6477.00,4004.00 6479.00,3908.00 6479.00,3908.00
             6479.00,3908.00 6480.00,3891.00 6480.00,3891.00
             6480.00,3891.00 6480.00,3870.00 6480.00,3870.00
             6480.00,3870.00 6481.00,3854.00 6481.00,3854.00
             6481.00,3854.00 6482.00,3796.00 6482.00,3796.00
             6482.00,3796.00 6483.00,3779.00 6483.00,3779.00
             6483.00,3779.00 6483.00,3756.00 6483.00,3756.00
             6483.00,3756.00 6484.00,3741.00 6484.00,3741.00
             6484.00,3741.00 6486.00,3645.00 6486.00,3645.00
             6486.00,3645.00 6487.00,3628.00 6487.00,3628.00
             6487.00,3628.00 6487.00,3607.00 6487.00,3607.00
             6487.00,3607.00 6488.00,3591.00 6488.00,3591.00
             6488.00,3591.00 6488.00,3570.00 6488.00,3570.00
             6488.00,3570.00 6488.95,3558.00 6488.95,3558.00
             6488.95,3558.00 6488.95,3544.00 6488.95,3544.00
             6488.95,3544.00 6488.00,3531.00 6488.00,3531.00
             6488.00,3531.00 6488.00,3506.00 6488.00,3506.00
             6488.00,3506.00 6487.00,3491.00 6487.00,3491.00
             6487.00,3491.00 6487.00,3470.00 6487.00,3470.00
             6487.00,3470.00 6486.00,3454.00 6486.00,3454.00
             6486.00,3454.00 6484.00,3358.00 6484.00,3358.00
             6484.00,3358.00 6483.00,3341.00 6483.00,3341.00
             6483.00,3341.00 6483.00,3319.00 6483.00,3319.00
             6483.00,3319.00 6482.00,3303.00 6482.00,3303.00
             6482.00,3303.00 6482.00,3282.00 6482.00,3282.00
             6482.00,3282.00 6481.00,3266.00 6481.00,3266.00
             6481.00,3266.00 6481.00,3244.00 6481.00,3244.00
             6481.00,3244.00 6480.00,3228.00 6480.00,3228.00
             6480.00,3228.00 6480.00,3206.00 6480.00,3206.00
             6480.00,3206.00 6479.00,3191.00 6479.00,3191.00
             6479.00,3191.00 6478.00,3133.00 6478.00,3133.00
             6478.00,3133.00 6477.00,3118.00 6477.00,3118.00
             6477.00,3118.00 6477.00,3095.00 6477.00,3095.00
             6477.00,3095.00 6476.00,3078.00 6476.00,3078.00
             6476.00,3078.00 6475.00,3020.00 6475.00,3020.00
             6475.00,3020.00 6474.00,3003.00 6474.00,3003.00
             6474.00,3003.00 6474.00,2950.00 6474.00,2950.00
             6473.98,2936.80 6470.32,2911.56 6468.08,2898.00
             6462.33,2863.27 6454.00,2829.22 6445.88,2795.00
             6428.21,2720.46 6408.36,2646.66 6395.75,2571.00
             6390.73,2540.88 6386.29,2510.49 6384.96,2480.00
             6384.96,2480.00 6384.00,2469.00 6384.00,2469.00
             6384.00,2469.00 6384.00,2414.00 6384.00,2414.00
             6384.00,2414.00 6386.95,2380.00 6386.95,2380.00
             6387.43,2375.71 6389.14,2363.38 6390.98,2360.00
             6394.62,2353.32 6412.01,2342.14 6419.00,2337.81
             6419.00,2337.81 6459.00,2314.31 6459.00,2314.31
             6459.00,2314.31 6487.00,2299.58 6487.00,2299.58
             6487.00,2299.58 6520.00,2283.22 6520.00,2283.22
             6520.00,2283.22 6557.00,2265.69 6557.00,2265.69
             6592.32,2249.47 6627.82,2234.02 6664.00,2219.80
             6719.65,2197.93 6792.58,2170.72 6851.00,2160.46 Z" />
</svg>
