<?xml version="1.0" encoding="UTF-8" standalone="no"?>
<!DOCTYPE svg PUBLIC "-//W3C//DTD SVG 20010904//EN"
              "http://www.w3.org/TR/2001/REC-SVG-20010904/DTD/svg10.dtd">

<svg xmlns="http://www.w3.org/2000/svg"
     width="24in" height="24in"
     viewBox="0 0 7200 7200">
  <path id="Facing (Cut 2)"
        fill="none" stroke="black" stroke-width="1"
        d="M 2884.00,1984.14
           C 2884.00,1984.14 2913.00,1984.14 2913.00,1984.14
             2913.00,1984.14 2963.00,1984.14 2963.00,1984.14
             2963.00,1984.14 2979.00,1985.00 2979.00,1985.00
             2979.00,1985.00 3114.00,1985.00 3114.00,1985.00
             3114.00,1985.00 3129.00,1986.00 3129.00,1986.00
             3129.00,1986.00 3265.00,1986.00 3265.00,1986.00
             3265.00,1986.00 3280.00,1987.00 3280.00,1987.00
             3280.00,1987.00 3415.00,1987.00 3415.00,1987.00
             3415.00,1987.00 3430.00,1988.00 3430.00,1988.00
             3430.00,1988.00 3565.00,1988.00 3565.00,1988.00
             3565.00,1988.00 3580.00,1989.00 3580.00,1989.00
             3580.00,1989.00 3716.00,1989.00 3716.00,1989.00
             3716.00,1989.00 3731.00,1990.00 3731.00,1990.00
             3731.00,1990.00 3866.00,1990.00 3866.00,1990.00
             3866.00,1990.00 3881.00,1991.00 3881.00,1991.00
             3881.00,1991.00 4017.00,1991.00 4017.00,1991.00
             4017.00,1991.00 4032.00,1992.00 4032.00,1992.00
             4032.00,1992.00 4167.00,1992.00 4167.00,1992.00
             4167.00,1992.00 4182.00,1993.00 4182.00,1993.00
             4182.00,1993.00 4318.00,1993.00 4318.00,1993.00
             4318.00,1993.00 4333.00,1994.00 4333.00,1994.00
             4333.00,1994.00 4408.00,1994.00 4408.00,1994.00
             4408.00,1994.00 4468.00,1994.00 4468.00,1994.00
             4481.01,1994.24 4477.01,2003.11 4477.00,2012.00
             4477.00,2012.00 4477.00,2113.00 4477.00,2113.00
             4477.00,2113.00 4476.00,2128.00 4476.00,2128.00
             4476.00,2128.00 4476.00,2229.00 4476.00,2229.00
             4476.00,2229.00 4474.90,2244.00 4474.90,2244.00
             4474.90,2244.00 4474.90,2345.00 4474.90,2345.00
             4475.00,2346.55 4475.06,2349.57 4474.90,2350.98
             4472.84,2358.05 4464.86,2355.01 4458.00,2355.00
             4458.00,2355.00 4443.00,2355.00 4443.00,2355.00
             4443.00,2355.00 4427.00,2354.00 4427.00,2354.00
             4427.00,2354.00 4349.00,2352.00 4349.00,2352.00
             4349.00,2352.00 4334.00,2351.00 4334.00,2351.00
             4334.00,2351.00 4318.00,2351.00 4318.00,2351.00
             4318.00,2351.00 4301.00,2350.00 4301.00,2350.00
             4301.00,2350.00 4286.00,2350.00 4286.00,2350.00
             4286.00,2350.00 4270.00,2349.00 4270.00,2349.00
             4270.00,2349.00 4254.00,2349.00 4254.00,2349.00
             4254.00,2349.00 4239.00,2348.00 4239.00,2348.00
             4239.00,2348.00 4222.00,2348.00 4222.00,2348.00
             4222.00,2348.00 4208.00,2347.00 4208.00,2347.00
             4208.00,2347.00 4192.00,2347.00 4192.00,2347.00
             4192.00,2347.00 4176.00,2346.00 4176.00,2346.00
             4176.00,2346.00 4160.00,2346.00 4160.00,2346.00
             4160.00,2346.00 4144.00,2345.00 4144.00,2345.00
             4144.00,2345.00 4129.00,2345.00 4129.00,2345.00
             4129.00,2345.00 4113.00,2344.00 4113.00,2344.00
             4113.00,2344.00 4097.00,2344.00 4097.00,2344.00
             4097.00,2344.00 4082.00,2343.00 4082.00,2343.00
             4082.00,2343.00 4065.00,2343.00 4065.00,2343.00
             4065.00,2343.00 4051.00,2342.00 4051.00,2342.00
             4051.00,2342.00 4035.00,2342.00 4035.00,2342.00
             4035.00,2342.00 4019.00,2341.00 4019.00,2341.00
             4019.00,2341.00 3941.00,2339.00 3941.00,2339.00
             3941.00,2339.00 3926.00,2338.00 3926.00,2338.00
             3926.00,2338.00 3909.00,2338.00 3909.00,2338.00
             3909.00,2338.00 3893.00,2337.00 3893.00,2337.00
             3893.00,2337.00 3878.00,2337.00 3878.00,2337.00
             3878.00,2337.00 3862.00,2336.00 3862.00,2336.00
             3862.00,2336.00 3846.00,2336.00 3846.00,2336.00
             3846.00,2336.00 3831.00,2335.00 3831.00,2335.00
             3831.00,2335.00 3814.00,2335.00 3814.00,2335.00
             3814.00,2335.00 3799.00,2334.00 3799.00,2334.00
             3799.00,2334.00 3722.00,2332.00 3722.00,2332.00
             3722.00,2332.00 3705.00,2331.00 3705.00,2331.00
             3705.00,2331.00 3690.00,2331.00 3690.00,2331.00
             3690.00,2331.00 3674.00,2330.00 3674.00,2330.00
             3674.00,2330.00 3658.00,2330.00 3658.00,2330.00
             3658.00,2330.00 3642.00,2329.00 3642.00,2329.00
             3642.00,2329.00 3627.00,2329.00 3627.00,2329.00
             3627.00,2329.00 3611.00,2328.00 3611.00,2328.00
             3611.00,2328.00 3595.00,2328.00 3595.00,2328.00
             3595.00,2328.00 3580.00,2327.00 3580.00,2327.00
             3580.00,2327.00 3563.00,2327.00 3563.00,2327.00
             3563.00,2327.00 3549.00,2326.00 3549.00,2326.00
             3549.00,2326.00 3533.00,2326.00 3533.00,2326.00
             3533.00,2326.00 3517.00,2325.00 3517.00,2325.00
             3517.00,2325.00 3471.00,2324.00 3471.00,2324.00
             3471.00,2324.00 3454.00,2323.00 3454.00,2323.00
             3454.00,2323.00 3439.00,2323.00 3439.00,2323.00
             3439.00,2323.00 3423.00,2322.00 3423.00,2322.00
             3423.00,2322.00 3407.00,2322.00 3407.00,2322.00
             3407.00,2322.00 3392.00,2321.00 3392.00,2321.00
             3392.00,2321.00 3375.00,2321.00 3375.00,2321.00
             3375.00,2321.00 3362.00,2320.00 3362.00,2320.00
             3362.00,2320.00 3345.00,2320.00 3345.00,2320.00
             3345.00,2320.00 3330.00,2319.00 3330.00,2319.00
             3330.00,2319.00 3314.00,2319.00 3314.00,2319.00
             3314.00,2319.00 3299.00,2318.00 3299.00,2318.00
             3299.00,2318.00 3283.00,2318.00 3283.00,2318.00
             3283.00,2318.00 3266.00,2317.00 3266.00,2317.00
             3266.00,2317.00 3189.00,2315.00 3189.00,2315.00
             3189.00,2315.00 3174.00,2314.00 3174.00,2314.00
             3174.00,2314.00 3157.00,2314.00 3157.00,2314.00
             3157.00,2314.00 3140.00,2313.00 3140.00,2313.00
             3140.00,2313.00 3105.00,2313.00 3105.00,2313.00
             3105.00,2313.00 3091.00,2314.00 3091.00,2314.00
             3076.37,2314.07 3059.58,2316.63 3045.00,2318.73
             2956.55,2331.48 2865.79,2371.54 2812.58,2446.00
             2802.54,2460.05 2791.85,2477.20 2784.86,2493.00
             2770.76,2524.89 2762.48,2556.28 2759.17,2591.00
             2759.17,2591.00 2758.00,2630.00 2758.00,2630.00
             2758.00,2630.00 2758.68,2641.00 2758.68,2641.00
             2758.68,2641.00 2755.17,2678.00 2755.17,2678.00
             2755.17,2678.00 2749.17,2746.00 2749.17,2746.00
             2749.17,2746.00 2737.83,2878.00 2737.83,2878.00
             2737.83,2878.00 2731.09,2952.00 2731.09,2952.00
             2731.09,2952.00 2727.09,2997.00 2727.09,2997.00
             2727.09,2997.00 2724.17,3030.00 2724.17,3030.00
             2724.17,3030.00 2723.42,3040.00 2723.42,3040.00
             2723.42,3040.00 2721.58,3061.00 2721.58,3061.00
             2721.25,3063.31 2720.93,3066.89 2719.40,3068.93
             2716.30,3072.31 2704.57,3069.62 2700.00,3068.93
             2700.00,3068.93 2647.00,3064.08 2647.00,3064.08
             2647.00,3064.08 2535.00,3053.17 2535.00,3053.17
             2535.00,3053.17 2473.00,3047.17 2473.00,3047.17
             2473.00,3047.17 2446.00,3044.72 2446.00,3044.72
             2446.00,3044.72 2402.00,3040.42 2402.00,3040.42
             2397.65,3039.85 2389.56,3040.26 2386.60,3036.69
             2384.36,3034.00 2384.96,3026.53 2385.00,3023.00
             2385.00,3023.00 2386.91,2999.00 2386.91,2999.00
             2386.91,2999.00 2390.91,2942.00 2390.91,2942.00
             2390.91,2942.00 2402.91,2772.00 2402.91,2772.00
             2402.91,2772.00 2431.09,2366.00 2431.09,2366.00
             2431.09,2366.00 2437.91,2274.00 2437.91,2274.00
             2437.91,2274.00 2440.29,2241.00 2440.29,2241.00
             2440.29,2241.00 2450.75,2178.00 2450.75,2178.00
             2450.75,2178.00 2466.92,2081.00 2466.92,2081.00
             2466.92,2081.00 2474.92,2033.00 2474.92,2033.00
             2475.71,2028.25 2476.24,2018.53 2480.15,2015.60
             2482.21,2014.04 2486.41,2013.60 2489.00,2013.28
             2489.00,2013.28 2512.00,2011.83 2512.00,2011.83
             2512.00,2011.83 2593.00,2005.91 2593.00,2005.91
             2593.00,2005.91 2627.00,2003.09 2627.00,2003.09
             2627.00,2003.09 2757.00,1993.91 2757.00,1993.91
             2757.00,1993.91 2777.00,1992.09 2777.00,1992.09
             2777.00,1992.09 2846.00,1987.09 2846.00,1987.09
             2846.00,1987.09 2873.00,1985.09 2873.00,1985.09
             2873.00,1985.09 2884.00,1984.14 2884.00,1984.14 Z" />
</svg>
