<?xml version="1.0" encoding="UTF-8" standalone="no"?>
<!DOCTYPE svg PUBLIC "-//W3C//DTD SVG 20010904//EN"
              "http://www.w3.org/TR/2001/REC-SVG-20010904/DTD/svg10.dtd">

<svg xmlns="http://www.w3.org/2000/svg"
     width="24in" height="24in"
     viewBox="0 0 7200 7200">
  <path id="Pant Leg (Cut 2)"
        fill="none" stroke="black" stroke-width="1"
        d="M 4712.00,3397.14
           C 4712.00,3397.14 4753.00,3397.14 4753.00,3397.14
             4753.00,3397.14 4830.00,3397.14 4830.00,3397.14
             4830.00,3397.14 4846.00,3398.00 4846.00,3398.00
             4846.00,3398.00 4877.00,3399.00 4877.00,3399.00
             4877.00,3399.00 4903.00,3400.91 4903.00,3400.91
             4903.00,3400.91 4942.00,3403.83 4942.00,3403.83
             4942.00,3403.83 4970.00,3406.17 4970.00,3406.17
             5107.38,3419.91 5238.79,3451.68 5362.00,3515.26
             5406.57,3538.26 5448.93,3566.02 5490.00,3594.72
             5533.81,3625.34 5576.55,3657.94 5623.00,3684.57
             5683.60,3719.32 5732.46,3737.06 5801.00,3749.42
             5819.92,3752.84 5852.10,3756.90 5871.00,3757.00
             5871.00,3757.00 5885.00,3758.00 5885.00,3758.00
             5885.00,3758.00 5900.00,3758.00 5900.00,3758.00
             5902.77,3758.01 5906.44,3757.71 5908.69,3759.60
             5911.38,3761.87 5910.99,3765.82 5911.00,3769.00
             5911.00,3769.00 5911.00,3796.00 5911.00,3796.00
             5911.00,3796.00 5910.00,3811.00 5910.00,3811.00
             5910.00,3811.00 5910.00,3906.00 5910.00,3906.00
             5910.00,3906.00 5909.00,3921.00 5909.00,3921.00
             5909.00,3921.00 5909.00,4017.00 5909.00,4017.00
             5909.00,4017.00 5908.00,4032.00 5908.00,4032.00
             5908.00,4032.00 5908.00,4127.00 5908.00,4127.00
             5908.00,4127.00 5907.00,4142.00 5907.00,4142.00
             5907.00,4142.00 5907.00,4237.00 5907.00,4237.00
             5907.00,4237.00 5906.00,4252.00 5906.00,4252.00
             5906.00,4252.00 5906.00,4347.00 5906.00,4347.00
             5906.00,4347.00 5905.00,4362.00 5905.00,4362.00
             5905.00,4362.00 5905.00,4457.00 5905.00,4457.00
             5905.00,4457.00 5904.00,4472.00 5904.00,4472.00
             5904.00,4472.00 5904.00,4567.00 5904.00,4567.00
             5904.00,4567.00 5903.00,4582.00 5903.00,4582.00
             5903.00,4582.00 5903.00,4677.00 5903.00,4677.00
             5903.00,4677.00 5902.00,4692.00 5902.00,4692.00
             5902.00,4692.00 5902.00,4787.00 5902.00,4787.00
             5902.00,4787.00 5901.00,4802.00 5901.00,4802.00
             5901.00,4802.00 5901.00,4897.00 5901.00,4897.00
             5901.00,4897.00 5900.00,4912.00 5900.00,4912.00
             5900.00,4912.00 5900.00,5008.00 5900.00,5008.00
             5900.00,5008.00 5899.00,5022.00 5899.00,5022.00
             5899.00,5022.00 5899.00,5049.00 5899.00,5049.00
             5899.00,5049.00 5899.00,5080.00 5899.00,5080.00
             5898.99,5082.77 5899.29,5086.44 5897.40,5088.69
             5895.13,5091.38 5891.18,5090.99 5888.00,5091.00
             5888.00,5091.00 5801.00,5091.00 5801.00,5091.00
             5801.00,5091.00 5786.00,5092.00 5786.00,5092.00
             5786.00,5092.00 5700.00,5092.00 5700.00,5092.00
             5700.00,5092.00 5685.00,5093.00 5685.00,5093.00
             5685.00,5093.00 5599.00,5093.00 5599.00,5093.00
             5599.00,5093.00 5584.00,5094.00 5584.00,5094.00
             5584.00,5094.00 5498.00,5094.00 5498.00,5094.00
             5498.00,5094.00 5483.00,5095.00 5483.00,5095.00
             5483.00,5095.00 5397.00,5095.00 5397.00,5095.00
             5397.00,5095.00 5382.00,5096.00 5382.00,5096.00
             5382.00,5096.00 5296.00,5096.00 5296.00,5096.00
             5296.00,5096.00 5281.00,5097.00 5281.00,5097.00
             5281.00,5097.00 5194.00,5097.00 5194.00,5097.00
             5194.00,5097.00 5179.00,5098.00 5179.00,5098.00
             5179.00,5098.00 5093.00,5098.00 5093.00,5098.00
             5093.00,5098.00 5078.00,5099.00 5078.00,5099.00
             5078.00,5099.00 4992.00,5099.00 4992.00,5099.00
             4992.00,5099.00 4977.00,5100.00 4977.00,5100.00
             4977.00,5100.00 4891.00,5100.00 4891.00,5100.00
             4891.00,5100.00 4876.00,5101.00 4876.00,5101.00
             4876.00,5101.00 4672.00,5101.00 4672.00,5101.00
             4672.00,5101.00 4657.00,5100.00 4657.00,5100.00
             4657.00,5100.00 4571.00,5100.00 4571.00,5100.00
             4571.00,5100.00 4556.00,5099.00 4556.00,5099.00
             4556.00,5099.00 4470.00,5099.00 4470.00,5099.00
             4470.00,5099.00 4455.00,5098.00 4455.00,5098.00
             4455.00,5098.00 4369.00,5098.00 4369.00,5098.00
             4369.00,5098.00 4354.00,5097.00 4354.00,5097.00
             4354.00,5097.00 4267.00,5097.00 4267.00,5097.00
             4267.00,5097.00 4252.00,5096.00 4252.00,5096.00
             4252.00,5096.00 4166.00,5096.00 4166.00,5096.00
             4166.00,5096.00 4151.00,5095.00 4151.00,5095.00
             4151.00,5095.00 4065.00,5095.00 4065.00,5095.00
             4065.00,5095.00 4050.00,5094.00 4050.00,5094.00
             4050.00,5094.00 3964.00,5094.00 3964.00,5094.00
             3964.00,5094.00 3949.00,5093.00 3949.00,5093.00
             3949.00,5093.00 3865.00,5093.00 3865.00,5093.00
             3865.00,5093.00 3850.00,5092.00 3850.00,5092.00
             3850.00,5092.00 3762.00,5092.00 3762.00,5092.00
             3762.00,5092.00 3748.00,5091.00 3748.00,5091.00
             3748.00,5091.00 3697.00,5091.00 3697.00,5091.00
             3697.00,5091.00 3666.00,5091.00 3666.00,5091.00
             3662.59,5091.00 3655.94,5091.61 3653.31,5089.40
             3650.62,5087.13 3651.01,5083.18 3651.00,5080.00
             3651.00,5080.00 3651.00,5023.00 3651.00,5023.00
             3651.00,5023.00 3650.00,5006.00 3650.00,5006.00
             3650.00,5006.00 3650.00,4910.00 3650.00,4910.00
             3650.00,4910.00 3649.00,4895.00 3649.00,4895.00
             3649.00,4895.00 3649.00,4800.00 3649.00,4800.00
             3649.00,4800.00 3648.00,4785.00 3648.00,4785.00
             3648.00,4785.00 3648.00,4690.00 3648.00,4690.00
             3648.00,4690.00 3647.00,4675.00 3647.00,4675.00
             3647.00,4675.00 3647.00,4580.00 3647.00,4580.00
             3647.00,4580.00 3646.00,4565.00 3646.00,4565.00
             3646.00,4565.00 3646.00,4470.00 3646.00,4470.00
             3646.00,4470.00 3645.00,4455.00 3645.00,4455.00
             3645.00,4455.00 3645.00,4360.00 3645.00,4360.00
             3645.00,4360.00 3644.00,4345.00 3644.00,4345.00
             3644.00,4345.00 3644.00,4250.00 3644.00,4250.00
             3644.00,4250.00 3643.00,4235.00 3643.00,4235.00
             3643.00,4235.00 3643.00,4140.00 3643.00,4140.00
             3643.00,4140.00 3642.00,4125.00 3642.00,4125.00
             3642.00,4125.00 3642.00,4030.00 3642.00,4030.00
             3642.00,4030.00 3641.00,4015.00 3641.00,4015.00
             3641.00,4015.00 3641.00,3919.00 3641.00,3919.00
             3641.00,3919.00 3640.00,3904.00 3640.00,3904.00
             3640.00,3904.00 3640.00,3811.00 3640.00,3811.00
             3640.00,3811.00 3639.00,3796.00 3639.00,3796.00
             3639.00,3796.00 3639.00,3769.00 3639.00,3769.00
             3639.01,3766.23 3638.71,3762.56 3640.60,3760.31
             3642.87,3757.62 3646.82,3758.01 3650.00,3758.00
             3650.00,3758.00 3664.00,3758.00 3664.00,3758.00
             3664.00,3758.00 3682.00,3757.00 3682.00,3757.00
             3682.00,3757.00 3692.00,3756.09 3692.00,3756.09
             3692.00,3756.09 3750.00,3749.25 3750.00,3749.25
             3807.21,3739.31 3857.81,3722.38 3909.00,3694.69
             3975.40,3658.78 4034.36,3611.12 4097.00,3569.35
             4135.79,3543.49 4176.28,3520.96 4218.00,3500.25
             4252.35,3483.19 4292.44,3468.34 4329.00,3456.66
             4410.29,3430.67 4495.12,3414.66 4580.00,3406.17
             4580.00,3406.17 4647.00,3400.91 4647.00,3400.91
             4647.00,3400.91 4680.00,3399.00 4680.00,3399.00
             4680.00,3399.00 4693.00,3398.00 4693.00,3398.00
             4693.00,3398.00 4712.00,3397.14 4712.00,3397.14 Z" />
</svg>
