<?xml version="1.0" encoding="UTF-8" standalone="no"?>
<!DOCTYPE svg PUBLIC "-//W3C//DTD SVG 20010904//EN"
              "http://www.w3.org/TR/2001/REC-SVG-20010904/DTD/svg10.dtd">

<svg xmlns="http://www.w3.org/2000/svg"
     width="24in" height="24in"
     viewBox="0 0 7200 7200">
  <path id="Pants (Cut 2)"
        fill="none" stroke="black" stroke-width="1"
        d="M 4304.00,3411.00
           C 4304.00,3411.00 4304.00,3430.00 4304.00,3430.00
             4304.00,3430.00 4305.00,3446.00 4305.00,3446.00
             4305.00,3446.00 4305.00,3474.00 4305.00,3474.00
             4305.00,3474.00 4306.00,3489.00 4306.00,3489.00
             4306.00,3489.00 4306.00,3514.00 4306.00,3514.00
             4306.00,3516.51 4306.14,3519.65 4305.27,3522.00
             4305.27,3522.00 4289.02,3545.00 4289.02,3545.00
             4275.67,3564.38 4263.99,3584.53 4252.42,3605.00
             4225.73,3652.23 4189.75,3733.68 4169.81,3785.00
             4169.81,3785.00 4134.05,3878.00 4134.05,3878.00
             4134.05,3878.00 4104.69,3960.00 4104.69,3960.00
             4104.69,3960.00 4093.00,3995.00 4093.00,3995.00
             4093.00,3995.00 4060.66,4093.00 4060.66,4093.00
             4060.66,4093.00 4003.58,4279.00 4003.58,4279.00
             4003.58,4279.00 3948.37,4475.00 3948.37,4475.00
             3948.37,4475.00 3918.63,4589.00 3918.63,4589.00
             3918.63,4589.00 3910.12,4624.00 3910.12,4624.00
             3907.97,4633.04 3906.01,4637.43 3906.00,4647.00
             3906.00,4647.00 3906.00,4712.00 3906.00,4712.00
             3906.00,4712.00 3906.00,4772.00 3906.00,4772.00
             3905.77,4784.16 3897.43,4780.01 3889.00,4780.00
             3889.00,4780.00 3854.00,4780.00 3854.00,4780.00
             3854.00,4780.00 3837.00,4779.00 3837.00,4779.00
             3837.00,4779.00 3799.00,4779.00 3799.00,4779.00
             3799.00,4779.00 3784.00,4778.00 3784.00,4778.00
             3784.00,4778.00 3747.00,4778.00 3747.00,4778.00
             3747.00,4778.00 3731.00,4777.00 3731.00,4777.00
             3731.00,4777.00 3695.00,4777.00 3695.00,4777.00
             3695.00,4777.00 3678.00,4776.00 3678.00,4776.00
             3678.00,4776.00 3589.00,4775.00 3589.00,4775.00
             3589.00,4775.00 3572.00,4774.00 3572.00,4774.00
             3572.00,4774.00 3535.00,4774.00 3535.00,4774.00
             3535.00,4774.00 3520.00,4773.00 3520.00,4773.00
             3520.00,4773.00 3484.00,4773.00 3484.00,4773.00
             3484.00,4773.00 3467.00,4772.00 3467.00,4772.00
             3467.00,4772.00 3435.00,4772.00 3435.00,4772.00
             3431.59,4772.00 3424.94,4772.61 3422.31,4770.40
             3419.62,4768.13 3420.01,4764.18 3420.00,4761.00
             3420.00,4761.00 3420.00,4589.00 3420.00,4589.00
             3420.00,4589.00 3421.00,4574.00 3421.00,4574.00
             3421.00,4574.00 3421.00,4407.00 3421.00,4407.00
             3421.00,4407.00 3422.00,4392.00 3422.00,4392.00
             3422.00,4392.00 3422.00,4279.00 3422.00,4279.00
             3422.00,4279.00 3422.00,4226.00 3422.00,4226.00
             3422.23,4213.74 3432.63,4214.58 3442.00,4212.12
             3442.00,4212.12 3506.00,4192.31 3506.00,4192.31
             3580.06,4165.95 3650.40,4124.67 3708.00,4071.09
             3708.00,4071.09 3730.91,4049.00 3730.91,4049.00
             3830.23,3942.39 3882.28,3815.62 3904.42,3673.00
             3910.02,3636.93 3914.58,3596.40 3915.00,3560.00
             3915.00,3560.00 3916.00,3545.00 3916.00,3545.00
             3916.00,3545.00 3916.00,3493.00 3916.00,3493.00
             3916.00,3493.00 3915.00,3478.00 3915.00,3478.00
             3915.00,3478.00 3914.00,3453.00 3914.00,3453.00
             3914.00,3453.00 3913.09,3443.00 3913.09,3443.00
             3913.09,3443.00 3911.83,3422.00 3911.83,3422.00
             3911.83,3422.00 3908.16,3390.00 3908.16,3390.00
             3903.05,3342.16 3894.41,3294.89 3883.65,3248.00
             3852.76,3113.41 3800.51,2981.12 3727.05,2864.00
             3695.11,2813.08 3657.53,2761.46 3615.96,2718.00
             3545.99,2644.84 3459.50,2580.89 3361.00,2552.86
             3336.21,2545.80 3310.72,2540.24 3285.00,2538.00
             3285.00,2538.00 3267.02,2536.69 3267.02,2536.69
             3265.61,2536.32 3264.56,2535.83 3263.60,2534.69
             3261.71,2532.44 3262.01,2528.77 3262.00,2526.00
             3262.00,2526.00 3262.00,2417.00 3262.00,2417.00
             3262.00,2417.00 3263.00,2402.00 3263.00,2402.00
             3263.00,2402.00 3263.00,2241.00 3263.00,2241.00
             3263.00,2241.00 3264.00,2226.00 3264.00,2226.00
             3264.00,2226.00 3264.00,2064.00 3264.00,2064.00
             3264.00,2064.00 3265.00,2049.00 3265.00,2049.00
             3265.00,2049.00 3265.00,2022.00 3265.00,2022.00
             3265.01,2019.23 3264.71,2015.56 3266.60,2013.31
             3268.87,2010.62 3272.82,2011.01 3276.00,2011.00
             3276.00,2011.00 3317.00,2011.00 3317.00,2011.00
             3317.00,2011.00 3334.00,2012.00 3334.00,2012.00
             3334.00,2012.00 3386.00,2012.00 3386.00,2012.00
             3386.00,2012.00 3403.00,2013.00 3403.00,2013.00
             3403.00,2013.00 3458.00,2013.00 3458.00,2013.00
             3458.00,2013.00 3473.00,2014.00 3473.00,2014.00
             3473.00,2014.00 3526.00,2014.00 3526.00,2014.00
             3526.00,2014.00 3543.00,2015.00 3543.00,2015.00
             3543.00,2015.00 3597.00,2015.00 3597.00,2015.00
             3597.00,2015.00 3612.00,2016.00 3612.00,2016.00
             3612.00,2016.00 3667.00,2016.00 3667.00,2016.00
             3667.00,2016.00 3682.00,2017.00 3682.00,2017.00
             3682.00,2017.00 3735.00,2017.00 3735.00,2017.00
             3735.00,2017.00 3752.00,2018.00 3752.00,2018.00
             3752.00,2018.00 3805.00,2018.00 3805.00,2018.00
             3805.00,2018.00 3822.00,2019.00 3822.00,2019.00
             3822.00,2019.00 3876.00,2019.00 3876.00,2019.00
             3876.00,2019.00 3891.00,2020.00 3891.00,2020.00
             3891.00,2020.00 3944.00,2020.00 3944.00,2020.00
             3944.00,2020.00 3961.00,2021.00 3961.00,2021.00
             3961.00,2021.00 4016.00,2021.00 4016.00,2021.00
             4016.00,2021.00 4031.00,2022.00 4031.00,2022.00
             4031.00,2022.00 4086.00,2022.00 4086.00,2022.00
             4086.00,2022.00 4101.00,2023.00 4101.00,2023.00
             4101.00,2023.00 4153.00,2023.00 4153.00,2023.00
             4153.00,2023.00 4170.00,2024.00 4170.00,2024.00
             4170.00,2024.00 4225.00,2024.00 4225.00,2024.00
             4225.00,2024.00 4240.00,2025.00 4240.00,2025.00
             4240.00,2025.00 4293.00,2025.00 4293.00,2025.00
             4293.00,2025.00 4310.00,2026.00 4310.00,2026.00
             4310.00,2026.00 4365.00,2026.00 4365.00,2026.00
             4365.00,2026.00 4380.00,2027.00 4380.00,2027.00
             4380.00,2027.00 4434.00,2027.00 4434.00,2027.00
             4434.00,2027.00 4449.00,2028.00 4449.00,2028.00
             4449.00,2028.00 4502.00,2028.00 4502.00,2028.00
             4502.00,2028.00 4519.00,2029.00 4519.00,2029.00
             4519.00,2029.00 4574.00,2029.00 4574.00,2029.00
             4574.00,2029.00 4589.00,2030.00 4589.00,2030.00
             4589.00,2030.00 4643.00,2030.00 4643.00,2030.00
             4643.00,2030.00 4658.00,2031.00 4658.00,2031.00
             4658.00,2031.00 4711.00,2031.00 4711.00,2031.00
             4711.00,2031.00 4728.00,2032.00 4728.00,2032.00
             4728.00,2032.00 4758.00,2032.00 4758.00,2032.00
             4770.58,2032.03 4764.42,2034.97 4777.00,2035.00
             4777.00,2035.00 4867.00,2035.00 4867.00,2035.00
             4867.00,2035.00 4882.00,2036.00 4882.00,2036.00
             4882.00,2036.00 4986.00,2036.00 4986.00,2036.00
             4986.00,2036.00 5001.00,2037.00 5001.00,2037.00
             5001.00,2037.00 5064.00,2037.00 5064.00,2037.00
             5064.00,2037.00 5063.00,2062.00 5063.00,2062.00
             5063.00,2062.00 5064.00,2077.00 5064.00,2077.00
             5064.00,2077.00 5064.00,2361.00 5064.00,2361.00
             5064.00,2361.00 5065.00,2378.00 5065.00,2378.00
             5065.00,2378.00 5065.00,2574.00 5065.00,2574.00
             5065.00,2574.00 5065.00,2663.00 5065.00,2663.00
             5065.00,2663.00 5066.00,2678.00 5066.00,2678.00
             5066.00,2678.00 5066.00,2875.00 5066.00,2875.00
             5066.00,2875.00 5066.00,2964.00 5066.00,2964.00
             5066.00,2964.00 5067.00,2979.00 5067.00,2979.00
             5067.00,2979.00 5067.00,3175.00 5067.00,3175.00
             5067.00,3175.00 5067.00,3264.00 5067.00,3264.00
             5067.00,3264.00 5068.00,3279.00 5068.00,3279.00
             5068.00,3279.00 5068.00,3398.00 5068.00,3398.00
             5068.00,3398.00 5049.00,3399.00 5049.00,3399.00
             5049.00,3399.00 4965.00,3399.00 4965.00,3399.00
             4965.00,3399.00 4948.00,3400.00 4948.00,3400.00
             4948.00,3400.00 4862.00,3400.00 4862.00,3400.00
             4862.00,3400.00 4847.00,3401.00 4847.00,3401.00
             4847.00,3401.00 4773.00,3401.00 4773.00,3401.00
             4773.00,3401.00 4757.00,3403.00 4757.00,3403.00
             4757.00,3403.00 4736.00,3403.00 4736.00,3403.00
             4736.00,3403.00 4720.00,3404.00 4720.00,3404.00
             4720.00,3404.00 4684.00,3404.00 4684.00,3404.00
             4684.00,3404.00 4667.00,3405.00 4667.00,3405.00
             4667.00,3405.00 4630.00,3405.00 4630.00,3405.00
             4630.00,3405.00 4613.00,3406.00 4613.00,3406.00
             4613.00,3406.00 4575.00,3406.00 4575.00,3406.00
             4575.00,3406.00 4560.00,3407.00 4560.00,3407.00
             4560.00,3407.00 4523.00,3407.00 4523.00,3407.00
             4523.00,3407.00 4506.00,3408.00 4506.00,3408.00
             4506.00,3408.00 4470.00,3408.00 4470.00,3408.00
             4470.00,3408.00 4453.00,3409.00 4453.00,3409.00
             4453.00,3409.00 4416.00,3409.00 4416.00,3409.00
             4416.00,3409.00 4399.00,3410.00 4399.00,3410.00
             4399.00,3410.00 4363.00,3410.00 4363.00,3410.00
             4363.00,3410.00 4346.00,3411.00 4346.00,3411.00
             4346.00,3411.00 4304.00,3411.00 4304.00,3411.00 Z" />
</svg>
