<?xml version="1.0" encoding="UTF-8" standalone="no"?>
<!DOCTYPE svg PUBLIC "-//W3C//DTD SVG 20010904//EN"
              "http://www.w3.org/TR/2001/REC-SVG-20010904/DTD/svg10.dtd">

<svg xmlns="http://www.w3.org/2000/svg"
     width="24in" height="24in"
     viewBox="0 0 7200 7200">
  <path id="Shirt Back (Cut 1)"
        fill="none" stroke="black" stroke-width="1"
        d="M 3601.00,916.44
           C 3608.98,916.08 3609.66,921.46 3611.58,928.00
             3611.58,928.00 3621.58,967.00 3621.58,967.00
             3621.58,967.00 3662.37,1138.00 3662.37,1138.00
             3685.60,1230.92 3721.58,1345.72 3760.14,1433.00
             3760.14,1433.00 3788.75,1494.00 3788.75,1494.00
             3794.21,1504.91 3801.52,1520.32 3808.43,1530.00
             3850.50,1588.97 3915.76,1616.83 3987.00,1616.00
             3987.00,1616.00 3997.00,1615.09 3997.00,1615.09
             4048.42,1611.56 4094.04,1598.03 4141.00,1577.14
             4141.00,1577.14 4221.00,1538.69 4221.00,1538.69
             4221.00,1538.69 4287.00,1506.26 4287.00,1506.26
             4287.00,1506.26 4305.00,1498.00 4305.00,1498.00
             4307.45,1496.95 4311.32,1495.00 4313.98,1495.42
             4317.50,1495.97 4319.05,1499.21 4320.63,1502.00
             4320.63,1502.00 4330.58,1519.00 4330.58,1519.00
             4330.58,1519.00 4372.80,1591.00 4372.80,1591.00
             4372.80,1591.00 4545.80,1886.00 4545.80,1886.00
             4545.80,1886.00 4593.99,1968.00 4593.99,1968.00
             4593.99,1968.00 4605.00,1987.00 4605.00,1987.00
             4606.60,1989.87 4608.79,1993.56 4606.96,1996.86
             4605.26,1999.93 4601.04,2000.30 4598.00,2001.47
             4591.03,2004.15 4582.50,2008.31 4576.00,2012.00
             4547.47,2028.21 4519.34,2044.44 4492.00,2062.67
             4417.84,2112.10 4339.15,2173.31 4283.40,2243.00
             4258.22,2274.48 4229.24,2319.44 4223.13,2360.00
             4223.13,2360.00 4220.34,2382.00 4220.34,2382.00
             4220.34,2382.00 4222.00,2396.00 4222.00,2396.00
             4227.06,2433.00 4242.87,2463.30 4263.33,2494.00
             4278.96,2517.45 4297.53,2538.68 4316.96,2559.00
             4316.96,2559.00 4327.00,2569.99 4327.00,2569.99
             4327.00,2569.99 4337.00,2579.04 4337.00,2579.04
             4377.02,2617.32 4425.90,2656.86 4472.00,2687.67
             4472.00,2687.67 4531.00,2726.19 4531.00,2726.19
             4531.00,2726.19 4576.00,2752.00 4576.00,2752.00
             4576.00,2752.00 4596.00,2761.69 4596.00,2761.69
             4598.48,2762.78 4604.14,2764.22 4605.69,2765.58
             4608.39,2767.97 4607.88,2771.03 4606.59,2774.00
             4606.59,2774.00 4579.80,2820.00 4579.80,2820.00
             4579.80,2820.00 4533.42,2899.00 4533.42,2899.00
             4533.42,2899.00 4455.42,3032.00 4455.42,3032.00
             4455.42,3032.00 4386.20,3150.00 4386.20,3150.00
             4386.20,3150.00 4334.01,3239.00 4334.01,3239.00
             4334.01,3239.00 4321.17,3261.00 4321.17,3261.00
             4319.50,3264.01 4317.80,3267.98 4313.98,3268.58
             4311.32,3269.00 4307.45,3267.05 4305.00,3266.00
             4305.00,3266.00 4287.00,3257.74 4287.00,3257.74
             4287.00,3257.74 4221.00,3225.31 4221.00,3225.31
             4221.00,3225.31 4141.00,3186.86 4141.00,3186.86
             4094.04,3165.97 4048.42,3152.44 3997.00,3148.91
             3997.00,3148.91 3987.00,3148.00 3987.00,3148.00
             3916.42,3147.18 3852.37,3174.29 3809.88,3232.00
             3801.67,3243.15 3794.98,3257.54 3788.75,3270.00
             3788.75,3270.00 3760.58,3330.00 3760.58,3330.00
             3731.27,3397.59 3707.07,3467.30 3686.42,3538.00
             3686.42,3538.00 3658.42,3641.00 3658.42,3641.00
             3658.42,3641.00 3644.12,3700.00 3644.12,3700.00
             3644.12,3700.00 3622.65,3792.00 3622.65,3792.00
             3622.65,3792.00 3612.71,3832.00 3612.71,3832.00
             3611.61,3835.83 3609.82,3843.99 3606.73,3846.40
             3603.86,3848.62 3600.26,3847.31 3597.00,3847.00
             3597.00,3847.00 3588.00,3847.00 3588.00,3847.00
             3588.00,3847.00 3578.00,3846.00 3578.00,3846.00
             3578.00,3846.00 3523.00,3843.00 3523.00,3843.00
             3523.00,3843.00 3513.00,3842.09 3513.00,3842.09
             3513.00,3842.09 3490.00,3841.00 3490.00,3841.00
             3490.00,3841.00 3480.00,3840.00 3480.00,3840.00
             3480.00,3840.00 3470.00,3840.00 3470.00,3840.00
             3470.00,3840.00 3456.00,3839.00 3456.00,3839.00
             3456.00,3839.00 3439.00,3838.00 3439.00,3838.00
             3439.00,3838.00 3425.00,3837.00 3425.00,3837.00
             3425.00,3837.00 3412.00,3836.00 3412.00,3836.00
             3412.00,3836.00 3403.00,3836.00 3403.00,3836.00
             3403.00,3836.00 3390.00,3835.00 3390.00,3835.00
             3390.00,3835.00 3372.00,3834.00 3372.00,3834.00
             3372.00,3834.00 3358.00,3833.00 3358.00,3833.00
             3358.00,3833.00 3342.00,3832.00 3342.00,3832.00
             3342.00,3832.00 3319.00,3830.91 3319.00,3830.91
             3319.00,3830.91 3309.00,3830.00 3309.00,3830.00
             3309.00,3830.00 3271.00,3828.00 3271.00,3828.00
             3271.00,3828.00 3261.00,3827.00 3261.00,3827.00
             3261.00,3827.00 3251.00,3827.00 3251.00,3827.00
             3251.00,3827.00 3237.00,3826.00 3237.00,3826.00
             3237.00,3826.00 3227.00,3825.00 3227.00,3825.00
             3227.00,3825.00 3218.00,3825.00 3218.00,3825.00
             3218.00,3825.00 3205.00,3824.00 3205.00,3824.00
             3205.00,3824.00 3194.00,3823.00 3194.00,3823.00
             3194.00,3823.00 3184.00,3823.00 3184.00,3823.00
             3184.00,3823.00 3170.00,3822.00 3170.00,3822.00
             3170.00,3822.00 3157.00,3821.00 3157.00,3821.00
             3157.00,3821.00 3134.00,3819.91 3134.00,3819.91
             3134.00,3819.91 3123.00,3819.00 3123.00,3819.00
             3123.00,3819.00 3087.00,3817.00 3087.00,3817.00
             3087.00,3817.00 3055.00,3815.00 3055.00,3815.00
             3052.03,3814.99 3047.70,3815.41 3045.31,3813.40
             3042.62,3811.13 3043.01,3807.18 3043.00,3804.00
             3043.00,3804.00 3043.00,3777.00 3043.00,3777.00
             3043.00,3777.00 3044.00,3762.00 3044.00,3762.00
             3044.00,3762.00 3044.00,3706.00 3044.00,3706.00
             3044.00,3706.00 3045.00,3689.00 3045.00,3689.00
             3045.00,3689.00 3045.00,3631.00 3045.00,3631.00
             3045.00,3631.00 3046.00,3616.00 3046.00,3616.00
             3046.00,3616.00 3046.00,3558.00 3046.00,3558.00
             3046.00,3558.00 3047.00,3543.00 3047.00,3543.00
             3047.00,3543.00 3047.00,3487.00 3047.00,3487.00
             3047.00,3487.00 3048.00,3470.00 3048.00,3470.00
             3048.00,3470.00 3048.00,3412.00 3048.00,3412.00
             3048.00,3412.00 3049.00,3397.00 3049.00,3397.00
             3049.00,3397.00 3049.00,3340.00 3049.00,3340.00
             3049.00,3340.00 3050.00,3325.00 3050.00,3325.00
             3050.00,3325.00 3050.00,3269.00 3050.00,3269.00
             3050.00,3269.00 3051.00,3252.00 3051.00,3252.00
             3051.00,3252.00 3051.00,3196.00 3051.00,3196.00
             3051.00,3196.00 3052.00,3179.00 3052.00,3179.00
             3052.00,3179.00 3052.00,3121.00 3052.00,3121.00
             3052.00,3121.00 3053.00,3106.00 3053.00,3106.00
             3053.00,3106.00 3053.00,3050.00 3053.00,3050.00
             3053.00,3050.00 3054.00,3033.00 3054.00,3033.00
             3054.00,3033.00 3054.00,2975.00 3054.00,2975.00
             3054.00,2975.00 3055.00,2960.00 3055.00,2960.00
             3055.00,2960.00 3055.00,2902.00 3055.00,2902.00
             3055.00,2902.00 3056.00,2887.00 3056.00,2887.00
             3056.00,2887.00 3056.00,2832.00 3056.00,2832.00
             3056.00,2832.00 3057.00,2815.00 3057.00,2815.00
             3057.00,2815.00 3057.00,2757.00 3057.00,2757.00
             3057.00,2757.00 3058.00,2742.00 3058.00,2742.00
             3058.00,2742.00 3058.00,2686.00 3058.00,2686.00
             3058.00,2686.00 3059.00,2669.00 3059.00,2669.00
             3059.00,2669.00 3059.00,2611.00 3059.00,2611.00
             3059.00,2611.00 3060.00,2596.00 3060.00,2596.00
             3060.00,2596.00 3060.00,2538.00 3060.00,2538.00
             3060.00,2538.00 3061.00,2523.00 3061.00,2523.00
             3061.00,2523.00 3061.00,2467.00 3061.00,2467.00
             3061.00,2467.00 3062.00,2450.00 3062.00,2450.00
             3062.00,2450.00 3062.00,2312.00 3062.00,2312.00
             3062.00,2312.00 3061.00,2297.00 3061.00,2297.00
             3061.00,2297.00 3061.00,2241.00 3061.00,2241.00
             3061.00,2241.00 3060.00,2226.00 3060.00,2226.00
             3060.00,2226.00 3060.00,2168.00 3060.00,2168.00
             3060.00,2168.00 3059.00,2152.00 3059.00,2152.00
             3059.00,2152.00 3059.00,2095.00 3059.00,2095.00
             3059.00,2095.00 3058.00,2078.00 3058.00,2078.00
             3058.00,2078.00 3058.00,2022.00 3058.00,2022.00
             3058.00,2022.00 3057.00,2005.00 3057.00,2005.00
             3057.00,2005.00 3057.00,1949.00 3057.00,1949.00
             3057.00,1949.00 3056.00,1932.00 3056.00,1932.00
             3056.00,1932.00 3056.00,1877.00 3056.00,1877.00
             3056.00,1877.00 3055.00,1860.00 3055.00,1860.00
             3055.00,1860.00 3055.00,1802.00 3055.00,1802.00
             3055.00,1802.00 3054.00,1787.00 3054.00,1787.00
             3054.00,1787.00 3054.00,1731.00 3054.00,1731.00
             3054.00,1731.00 3053.00,1714.00 3053.00,1714.00
             3053.00,1714.00 3053.00,1656.00 3053.00,1656.00
             3053.00,1656.00 3052.00,1641.00 3052.00,1641.00
             3052.00,1641.00 3052.00,1583.00 3052.00,1583.00
             3052.00,1583.00 3051.00,1569.00 3051.00,1569.00
             3051.00,1569.00 3051.00,1512.00 3051.00,1512.00
             3051.00,1512.00 3050.00,1495.00 3050.00,1495.00
             3050.00,1495.00 3050.00,1437.00 3050.00,1437.00
             3050.00,1437.00 3049.00,1422.00 3049.00,1422.00
             3049.00,1422.00 3049.00,1367.00 3049.00,1367.00
             3049.00,1367.00 3048.00,1350.00 3048.00,1350.00
             3048.00,1350.00 3048.00,1292.00 3048.00,1292.00
             3048.00,1292.00 3047.00,1277.00 3047.00,1277.00
             3047.00,1277.00 3047.00,1221.00 3047.00,1221.00
             3047.00,1221.00 3046.00,1204.00 3046.00,1204.00
             3046.00,1204.00 3046.00,1148.00 3046.00,1148.00
             3046.00,1148.00 3045.00,1131.00 3045.00,1131.00
             3045.00,1131.00 3045.00,1073.00 3045.00,1073.00
             3045.00,1073.00 3044.00,1058.00 3044.00,1058.00
             3044.00,1058.00 3044.00,1000.00 3044.00,1000.00
             3044.00,1000.00 3043.00,986.00 3043.00,986.00
             3043.00,986.00 3043.00,960.00 3043.00,960.00
             3043.01,956.82 3042.62,952.87 3045.31,950.60
             3047.82,948.49 3052.84,949.03 3056.00,949.00
             3056.00,949.00 3073.00,948.00 3073.00,948.00
             3073.00,948.00 3090.00,947.00 3090.00,947.00
             3090.00,947.00 3120.00,945.00 3120.00,945.00
             3120.00,945.00 3157.00,943.00 3157.00,943.00
             3157.00,943.00 3167.00,942.00 3167.00,942.00
             3167.00,942.00 3177.00,942.00 3177.00,942.00
             3177.00,942.00 3191.00,941.00 3191.00,941.00
             3191.00,941.00 3208.00,940.00 3208.00,940.00
             3208.00,940.00 3218.00,939.00 3218.00,939.00
             3218.00,939.00 3227.00,939.00 3227.00,939.00
             3227.00,939.00 3240.00,938.00 3240.00,938.00
             3240.00,938.00 3251.00,937.00 3251.00,937.00
             3251.00,937.00 3261.00,937.00 3261.00,937.00
             3261.00,937.00 3275.00,936.00 3275.00,936.00
             3275.00,936.00 3288.00,935.00 3288.00,935.00
             3288.00,935.00 3292.00,935.00 3292.00,935.00
             3292.00,935.00 3305.00,934.00 3305.00,934.00
             3305.00,934.00 3309.00,934.00 3309.00,934.00
             3309.00,934.00 3319.00,933.00 3319.00,933.00
             3319.00,933.00 3328.00,933.00 3328.00,933.00
             3328.00,933.00 3341.00,932.00 3341.00,932.00
             3341.00,932.00 3359.00,931.00 3359.00,931.00
             3359.00,931.00 3369.00,930.00 3369.00,930.00
             3369.00,930.00 3379.00,930.00 3379.00,930.00
             3379.00,930.00 3393.00,929.00 3393.00,929.00
             3393.00,929.00 3403.00,928.09 3403.00,928.09
             3403.00,928.09 3426.00,927.00 3426.00,927.00
             3426.00,927.00 3442.00,926.00 3442.00,926.00
             3442.00,926.00 3457.00,925.00 3457.00,925.00
             3457.00,925.00 3494.00,923.00 3494.00,923.00
             3494.00,923.00 3504.00,922.00 3504.00,922.00
             3504.00,922.00 3513.00,922.00 3513.00,922.00
             3513.00,922.00 3526.00,921.00 3526.00,921.00
             3526.00,921.00 3537.00,920.00 3537.00,920.00
             3537.00,920.00 3547.00,920.00 3547.00,920.00
             3547.00,920.00 3561.00,919.00 3561.00,919.00
             3561.00,919.00 3601.00,916.44 3601.00,916.44 Z" />
</svg>
