<?xml version="1.0" encoding="UTF-8" standalone="no"?>
<!DOCTYPE svg PUBLIC "-//W3C//DTD SVG 20010904//EN"
              "http://www.w3.org/TR/2001/REC-SVG-20010904/DTD/svg10.dtd">

<svg xmlns="http://www.w3.org/2000/svg"
     width="24in" height="24in"
     viewBox="0 0 7200 7200">
  <path id="Shirt Front (Cut 2)"
        fill="none" stroke="black" stroke-width="1"
        d="M 2402.15,3115.02
           C 2406.80,3113.36 2412.09,3114.00 2417.00,3114.00
             2417.00,3114.00 2443.00,3114.00 2443.00,3114.00
             2443.00,3114.00 2531.00,3114.00 2531.00,3114.00
             2531.00,3114.00 2548.00,3115.00 2548.00,3115.00
             2548.00,3115.00 2666.00,3115.00 2666.00,3115.00
             2666.00,3115.00 2681.00,3116.00 2681.00,3116.00
             2681.00,3116.00 2799.00,3116.00 2799.00,3116.00
             2799.00,3116.00 2814.00,3117.00 2814.00,3117.00
             2814.00,3117.00 2930.00,3117.00 2930.00,3117.00
             2932.97,3117.01 2936.34,3116.73 2938.85,3118.60
             2943.34,3121.94 2944.51,3139.13 2945.42,3145.00
             2945.42,3145.00 2960.58,3237.00 2960.58,3237.00
             2960.58,3237.00 3006.42,3519.00 3006.42,3519.00
             3006.42,3519.00 3019.41,3598.00 3019.41,3598.00
             3019.41,3598.00 3023.41,3623.00 3023.41,3623.00
             3023.41,3623.00 3025.69,3638.00 3025.69,3638.00
             3025.47,3642.12 3020.46,3647.54 3018.00,3651.00
             3018.00,3651.00 2998.33,3680.00 2998.33,3680.00
             2977.81,3710.78 2956.80,3746.91 2940.25,3780.00
             2902.52,3855.41 2872.59,3933.78 2857.58,4017.00
             2853.99,4036.91 2851.32,4056.84 2849.91,4077.00
             2849.91,4077.00 2849.00,4087.00 2849.00,4087.00
             2849.00,4087.00 2848.00,4108.00 2848.00,4108.00
             2848.00,4108.00 2848.00,4122.00 2848.00,4122.00
             2848.00,4122.00 2849.00,4140.00 2849.00,4140.00
             2849.00,4140.00 2849.91,4150.00 2849.91,4150.00
             2851.23,4168.86 2853.88,4187.64 2858.47,4206.00
             2868.03,4244.19 2891.37,4295.11 2908.74,4331.00
             2908.74,4331.00 2956.58,4434.00 2956.58,4434.00
             2956.58,4434.00 2970.40,4466.00 2970.40,4466.00
             2973.10,4472.65 2975.81,4481.44 2980.12,4487.00
             2989.93,4499.64 3009.86,4519.33 3022.00,4530.16
             3050.22,4555.37 3081.95,4577.14 3116.00,4593.74
             3214.33,4641.67 3342.66,4654.83 3451.00,4655.00
             3451.00,4655.00 3466.00,4656.00 3466.00,4656.00
             3466.00,4656.00 3481.00,4656.00 3481.00,4656.00
             3483.77,4656.01 3487.44,4655.71 3489.69,4657.60
             3492.33,4659.82 3492.06,4663.86 3491.99,4667.00
             3491.99,4667.00 3488.16,4701.00 3488.16,4701.00
             3488.16,4701.00 3481.28,4762.00 3481.28,4762.00
             3481.28,4762.00 3468.84,4874.00 3468.84,4874.00
             3468.84,4874.00 3454.16,5002.00 3454.16,5002.00
             3454.16,5002.00 3444.42,5089.00 3444.42,5089.00
             3444.42,5089.00 3433.95,5182.00 3433.95,5182.00
             3433.95,5182.00 3431.28,5205.00 3431.28,5205.00
             3430.91,5208.15 3431.38,5212.17 3428.69,5214.41
             3426.01,5216.61 3414.71,5214.91 3411.00,5214.41
             3411.00,5214.41 3393.00,5212.83 3393.00,5212.83
             3393.00,5212.83 3365.00,5210.03 3365.00,5210.03
             3365.00,5210.03 3325.00,5206.17 3325.00,5206.17
             3325.00,5206.17 3234.00,5197.83 3234.00,5197.83
             3234.00,5197.83 3181.00,5192.83 3181.00,5192.83
             3181.00,5192.83 3165.00,5191.09 3165.00,5191.09
             3165.00,5191.09 3060.00,5181.17 3060.00,5181.17
             3060.00,5181.17 2848.00,5161.17 2848.00,5161.17
             2848.00,5161.17 2657.00,5143.17 2657.00,5143.17
             2657.00,5143.17 2604.00,5138.17 2604.00,5138.17
             2604.00,5138.17 2574.00,5135.42 2574.00,5135.42
             2574.00,5135.42 2534.00,5131.83 2534.00,5131.83
             2534.00,5131.83 2445.00,5123.17 2445.00,5123.17
             2445.00,5123.17 2428.00,5121.83 2428.00,5121.83
             2428.00,5121.83 2411.00,5120.03 2411.00,5120.03
             2408.20,5119.88 2395.93,5119.03 2394.15,5117.98
             2392.86,5117.22 2392.15,5116.31 2391.60,5114.94
             2391.60,5114.94 2390.00,5094.00 2390.00,5094.00
             2390.00,5094.00 2388.00,5051.00 2388.00,5051.00
             2388.00,5051.00 2387.00,5037.00 2387.00,5037.00
             2387.00,5037.00 2387.00,5033.00 2387.00,5033.00
             2387.00,5033.00 2386.04,5023.00 2386.04,5023.00
             2386.04,5023.00 2386.04,5015.00 2386.04,5015.00
             2386.04,5015.00 2385.00,4997.00 2385.00,4997.00
             2385.00,4997.00 2384.04,4987.00 2384.04,4987.00
             2384.04,4987.00 2384.04,4979.00 2384.04,4979.00
             2384.04,4979.00 2383.00,4962.00 2383.00,4962.00
             2383.00,4962.00 2382.00,4952.00 2382.00,4952.00
             2382.00,4952.00 2382.00,4942.00 2382.00,4942.00
             2382.00,4942.00 2381.00,4928.00 2381.00,4928.00
             2381.00,4928.00 2380.00,4914.00 2380.00,4914.00
             2380.00,4914.00 2379.00,4897.00 2379.00,4897.00
             2379.00,4897.00 2377.00,4861.00 2377.00,4861.00
             2377.00,4861.00 2376.00,4851.00 2376.00,4851.00
             2376.00,4851.00 2376.00,4842.00 2376.00,4842.00
             2376.00,4842.00 2374.09,4819.00 2374.09,4819.00
             2374.09,4819.00 2370.91,4763.00 2370.91,4763.00
             2370.91,4763.00 2369.00,4736.00 2369.00,4736.00
             2369.00,4736.00 2369.00,4587.00 2369.00,4587.00
             2369.00,4587.00 2370.00,4572.00 2370.00,4572.00
             2370.00,4572.00 2370.00,4494.00 2370.00,4494.00
             2370.00,4494.00 2371.00,4479.00 2371.00,4479.00
             2371.00,4479.00 2371.00,4417.00 2371.00,4417.00
             2371.00,4417.00 2372.00,4400.00 2372.00,4400.00
             2372.00,4400.00 2372.00,4347.00 2372.00,4347.00
             2372.00,4347.00 2373.00,4332.00 2373.00,4332.00
             2373.00,4332.00 2373.00,4284.00 2373.00,4284.00
             2373.00,4284.00 2374.00,4267.00 2374.00,4267.00
             2374.00,4267.00 2374.00,4222.00 2374.00,4222.00
             2374.00,4222.00 2375.00,4207.00 2375.00,4207.00
             2375.00,4207.00 2375.00,4164.00 2375.00,4164.00
             2375.00,4164.00 2376.00,4147.00 2376.00,4147.00
             2376.00,4147.00 2376.00,4109.00 2376.00,4109.00
             2376.00,4109.00 2377.00,4092.00 2377.00,4092.00
             2377.00,4092.00 2377.00,4056.00 2377.00,4056.00
             2377.00,4056.00 2378.00,4039.00 2378.00,4039.00
             2378.00,4039.00 2378.00,4004.00 2378.00,4004.00
             2378.00,4004.00 2379.00,3989.00 2379.00,3989.00
             2379.00,3989.00 2379.00,3956.00 2379.00,3956.00
             2379.00,3956.00 2380.00,3941.00 2380.00,3941.00
             2380.00,3941.00 2380.00,3907.00 2380.00,3907.00
             2380.00,3907.00 2381.00,3891.00 2381.00,3891.00
             2381.00,3891.00 2381.00,3859.00 2381.00,3859.00
             2381.00,3859.00 2382.00,3842.00 2382.00,3842.00
             2382.00,3842.00 2382.00,3812.00 2382.00,3812.00
             2382.00,3812.00 2383.00,3795.00 2383.00,3795.00
             2383.00,3795.00 2383.00,3766.00 2383.00,3766.00
             2383.00,3766.00 2384.00,3749.00 2384.00,3749.00
             2384.00,3749.00 2384.00,3720.00 2384.00,3720.00
             2384.00,3720.00 2385.00,3704.00 2385.00,3704.00
             2385.00,3704.00 2386.00,3633.00 2386.00,3633.00
             2386.00,3633.00 2387.00,3617.00 2387.00,3617.00
             2387.00,3617.00 2387.00,3590.00 2387.00,3590.00
             2387.00,3590.00 2388.00,3573.00 2388.00,3573.00
             2388.00,3573.00 2389.00,3505.00 2389.00,3505.00
             2389.00,3505.00 2390.00,3489.00 2390.00,3489.00
             2390.00,3489.00 2390.00,3464.00 2390.00,3464.00
             2390.00,3464.00 2391.00,3447.00 2391.00,3447.00
             2391.00,3447.00 2391.00,3423.00 2391.00,3423.00
             2391.00,3423.00 2392.00,3406.00 2392.00,3406.00
             2392.00,3406.00 2392.00,3382.00 2392.00,3382.00
             2392.00,3382.00 2393.00,3365.00 2393.00,3365.00
             2393.00,3365.00 2395.00,3264.00 2395.00,3264.00
             2395.00,3264.00 2396.00,3247.00 2396.00,3247.00
             2396.00,3247.00 2396.00,3225.00 2396.00,3225.00
             2396.00,3225.00 2397.00,3208.00 2397.00,3208.00
             2397.00,3208.00 2397.00,3186.00 2397.00,3186.00
             2397.00,3186.00 2398.00,3170.00 2398.00,3170.00
             2398.00,3170.00 2398.00,3149.00 2398.00,3149.00
             2398.00,3149.00 2399.00,3135.00 2399.00,3135.00
             2399.07,3128.71 2397.04,3119.55 2402.15,3115.02 Z" />
</svg>
