<?xml version="1.0" encoding="UTF-8" standalone="no"?>
<!DOCTYPE svg PUBLIC "-//W3C//DTD SVG 20010904//EN"
              "http://www.w3.org/TR/2001/REC-SVG-20010904/DTD/svg10.dtd">

<svg xmlns="http://www.w3.org/2000/svg"
     width="24in" height="24in"
     viewBox="0 0 7200 7200">
  <path id="Shirt Sleeve (Cut 2)"
        fill="none" stroke="black" stroke-width="1"
        d="M 2344.00,2905.11
           C 2344.00,2905.11 2375.00,2905.11 2375.00,2905.11
             2375.00,2905.11 2430.00,2905.11 2430.00,2905.11
             2430.00,2905.11 2598.00,2905.11 2598.00,2905.11
             2598.00,2905.11 2615.00,2906.00 2615.00,2906.00
             2615.00,2906.00 2824.00,2906.00 2824.00,2906.00
             2824.00,2906.00 2839.00,2907.00 2839.00,2907.00
             2839.00,2907.00 3048.00,2907.00 3048.00,2907.00
             3048.00,2907.00 3063.00,2908.00 3063.00,2908.00
             3063.00,2908.00 3272.00,2908.00 3272.00,2908.00
             3272.00,2908.00 3287.00,2909.00 3287.00,2909.00
             3287.00,2909.00 3453.00,2909.00 3453.00,2909.00
             3453.00,2909.00 3494.00,2909.00 3494.00,2909.00
             3497.85,2909.01 3501.83,2908.64 3504.40,2912.15
             3506.56,2915.09 3505.01,2922.94 3505.00,2927.00
             3505.00,2927.00 3505.00,3070.00 3505.00,3070.00
             3505.00,3070.00 3504.00,3085.00 3504.00,3085.00
             3504.00,3085.00 3504.00,3229.00 3504.00,3229.00
             3504.00,3229.00 3503.00,3244.00 3503.00,3244.00
             3503.00,3244.00 3503.00,3388.00 3503.00,3388.00
             3503.00,3388.00 3502.00,3403.00 3502.00,3403.00
             3502.00,3403.00 3502.00,3548.00 3502.00,3548.00
             3502.00,3548.00 3501.00,3563.00 3501.00,3563.00
             3501.00,3563.00 3501.00,3707.00 3501.00,3707.00
             3501.00,3707.00 3500.00,3722.00 3500.00,3722.00
             3500.00,3722.00 3500.00,3864.00 3500.00,3864.00
             3500.00,3864.00 3499.00,3881.00 3499.00,3881.00
             3499.00,3881.00 3499.00,4023.00 3499.00,4023.00
             3498.97,4035.72 3492.31,4036.09 3482.00,4041.25
             3482.00,4041.25 3430.00,4065.70 3430.00,4065.70
             3393.97,4081.94 3358.04,4097.49 3325.00,4119.51
             3293.73,4140.36 3265.39,4166.78 3241.80,4196.00
             3212.13,4232.76 3186.77,4272.73 3163.86,4314.00
             3163.86,4314.00 3121.57,4393.00 3121.57,4393.00
             3104.45,4422.86 3085.73,4452.09 3065.58,4480.00
             3044.57,4509.10 3021.90,4537.38 2997.83,4564.00
             2997.83,4564.00 2970.04,4593.00 2970.04,4593.00
             2970.04,4593.00 2961.96,4601.96 2961.96,4601.96
             2961.96,4601.96 2952.00,4611.01 2952.00,4611.01
             2934.61,4627.98 2902.05,4658.48 2883.00,4672.26
             2862.53,4687.05 2840.17,4699.32 2818.00,4711.31
             2775.61,4734.24 2731.08,4753.57 2686.00,4770.58
             2686.00,4770.58 2657.00,4780.69 2657.00,4780.69
             2620.33,4793.74 2583.00,4804.08 2545.00,4812.42
             2520.04,4817.91 2494.64,4823.30 2469.00,4823.00
             2455.51,4822.84 2419.40,4815.59 2405.00,4812.42
             2367.00,4804.08 2329.67,4793.74 2293.00,4780.69
             2293.00,4780.69 2264.00,4770.58 2264.00,4770.58
             2218.92,4753.57 2174.39,4734.24 2132.00,4711.31
             2109.83,4699.32 2087.47,4687.05 2067.00,4672.26
             2047.95,4658.48 2015.39,4627.98 1998.00,4611.01
             1998.00,4611.01 1988.04,4601.96 1988.04,4601.96
             1988.04,4601.96 1979.96,4593.00 1979.96,4593.00
             1979.96,4593.00 1952.17,4564.00 1952.17,4564.00
             1928.10,4537.38 1905.43,4509.10 1884.42,4480.00
             1864.27,4452.09 1845.55,4422.86 1828.43,4393.00
             1828.43,4393.00 1786.14,4314.00 1786.14,4314.00
             1763.04,4272.38 1737.43,4231.98 1707.39,4195.00
             1679.54,4160.72 1646.86,4132.17 1609.00,4109.45
             1580.20,4092.17 1549.48,4079.14 1519.00,4065.23
             1519.00,4065.23 1468.00,4041.25 1468.00,4041.25
             1457.69,4036.09 1451.03,4035.72 1451.00,4023.00
             1451.00,4023.00 1451.00,3879.00 1451.00,3879.00
             1451.00,3879.00 1450.00,3864.00 1450.00,3864.00
             1450.00,3864.00 1450.00,3720.00 1450.00,3720.00
             1450.00,3720.00 1449.00,3705.00 1449.00,3705.00
             1449.00,3705.00 1449.00,3561.00 1449.00,3561.00
             1449.00,3561.00 1448.00,3546.00 1448.00,3546.00
             1448.00,3546.00 1448.00,3401.00 1448.00,3401.00
             1448.00,3401.00 1447.00,3386.00 1447.00,3386.00
             1447.00,3386.00 1447.00,3242.00 1447.00,3242.00
             1447.00,3242.00 1446.00,3227.00 1446.00,3227.00
             1446.00,3227.00 1446.00,3085.00 1446.00,3085.00
             1446.00,3085.00 1445.00,3070.00 1445.00,3070.00
             1445.00,3070.00 1445.00,2947.00 1445.00,2947.00
             1445.00,2947.00 1445.00,2926.00 1445.00,2926.00
             1444.98,2921.99 1443.37,2915.18 1445.60,2912.15
             1448.17,2908.64 1452.15,2909.01 1456.00,2909.00
             1456.00,2909.00 1665.00,2909.00 1665.00,2909.00
             1665.00,2909.00 1680.00,2908.00 1680.00,2908.00
             1680.00,2908.00 1889.00,2908.00 1889.00,2908.00
             1889.00,2908.00 1904.00,2907.00 1904.00,2907.00
             1904.00,2907.00 2113.00,2907.00 2113.00,2907.00
             2113.00,2907.00 2128.00,2906.00 2128.00,2906.00
             2128.00,2906.00 2271.00,2906.00 2271.00,2906.00
             2271.00,2906.00 2317.00,2906.00 2317.00,2906.00
             2317.00,2906.00 2344.00,2905.11 2344.00,2905.11 Z" />
</svg>
