<?xml version="1.0" encoding="UTF-8" standalone="no"?>
<!DOCTYPE svg PUBLIC "-//W3C//DTD SVG 20010904//EN"
              "http://www.w3.org/TR/2001/REC-SVG-20010904/DTD/svg10.dtd">

<svg xmlns="http://www.w3.org/2000/svg"
     width="8.26772in" height="8.26772in"
     viewBox="0 0 10000 10000">
  <path id="1 Maud Light Grey"
        fill="none" stroke="black" stroke-width="1"
        d="M 1232.00,2144.00
           C 1232.00,2144.00 1408.00,2144.00 1408.00,2144.00
             1408.00,2144.00 1408.00,2648.00 1408.00,2648.00
             1408.00,2648.00 1912.00,2648.00 1912.00,2648.00
             1912.00,2648.00 1912.00,2824.00 1912.00,2824.00
             1912.00,2824.00 1408.00,2824.00 1408.00,2824.00
             1408.00,2824.00 1408.00,3328.00 1408.00,3328.00
             1408.00,3328.00 1232.00,3328.00 1232.00,3328.00
             1232.00,3328.00 1232.00,2824.00 1232.00,2824.00
             1232.00,2824.00 728.00,2824.00 728.00,2824.00
             728.00,2824.00 728.00,2648.00 728.00,2648.00
             728.00,2648.00 1232.00,2648.00 1232.00,2648.00
             1232.00,2648.00 1232.00,2144.00 1232.00,2144.00 Z
           M 8704.00,2176.00
           C 8704.00,2176.00 8880.00,2176.00 8880.00,2176.00
             8880.00,2176.00 8880.00,2680.00 8880.00,2680.00
             8880.00,2680.00 9384.00,2680.00 9384.00,2680.00
             9384.00,2680.00 9384.00,2856.00 9384.00,2856.00
             9384.00,2856.00 8880.00,2856.00 8880.00,2856.00
             8880.00,2856.00 8880.00,3360.00 8880.00,3360.00
             8880.00,3360.00 8704.00,3360.00 8704.00,3360.00
             8704.00,3360.00 8704.00,2856.00 8704.00,2856.00
             8704.00,2856.00 8200.00,2856.00 8200.00,2856.00
             8200.00,2856.00 8200.00,2680.00 8200.00,2680.00
             8200.00,2680.00 8704.00,2680.00 8704.00,2680.00
             8704.00,2680.00 8704.00,2176.00 8704.00,2176.00 Z
           M 6983.00,7444.00
           C 6985.96,7442.87 6986.37,7439.83 6987.33,7437.00
             6987.33,7437.00 6993.01,7422.00 6993.01,7422.00
             6993.01,7422.00 6998.58,7409.00 6998.58,7409.00
             6998.58,7409.00 7004.20,7393.00 7004.20,7393.00
             7004.20,7393.00 7011.94,7375.00 7011.94,7375.00
             7011.94,7375.00 7018.80,7356.00 7018.80,7356.00
             7018.80,7356.00 7025.58,7340.00 7025.58,7340.00
             7025.58,7340.00 7031.60,7323.00 7031.60,7323.00
             7031.60,7323.00 7038.94,7306.00 7038.94,7306.00
             7038.94,7306.00 7045.20,7288.00 7045.20,7288.00
             7045.20,7288.00 7052.55,7271.00 7052.55,7271.00
             7052.55,7271.00 7059.01,7253.00 7059.01,7253.00
             7059.01,7253.00 7065.94,7237.00 7065.94,7237.00
             7065.94,7237.00 7071.05,7222.00 7071.05,7222.00
             7071.05,7222.00 7078.19,7205.00 7078.19,7205.00
             7078.19,7205.00 7083.81,7189.00 7083.81,7189.00
             7083.81,7189.00 7092.40,7169.00 7092.40,7169.00
             7092.40,7169.00 7098.42,7152.00 7098.42,7152.00
             7098.42,7152.00 7105.19,7136.00 7105.19,7136.00
             7105.19,7136.00 7110.42,7121.00 7110.42,7121.00
             7110.42,7121.00 7118.80,7101.00 7118.80,7101.00
             7118.80,7101.00 7124.34,7085.00 7124.34,7085.00
             7124.34,7085.00 7131.99,7067.00 7131.99,7067.00
             7131.99,7067.00 7138.20,7050.00 7138.20,7050.00
             7138.20,7050.00 7146.19,7031.00 7146.19,7031.00
             7146.19,7031.00 7152.81,7012.00 7152.81,7012.00
             7152.81,7012.00 7159.80,6996.00 7159.80,6996.00
             7159.80,6996.00 7166.00,6979.00 7166.00,6979.00
             7166.00,6979.00 7173.95,6960.00 7173.95,6960.00
             7173.95,6960.00 7179.81,6943.00 7179.81,6943.00
             7179.81,6943.00 7185.99,6929.00 7185.99,6929.00
             7185.99,6929.00 7191.81,6913.00 7191.81,6913.00
             7191.81,6913.00 7199.80,6894.00 7199.80,6894.00
             7199.80,6894.00 7206.81,6874.00 7206.81,6874.00
             7206.81,6874.00 7212.99,6860.00 7212.99,6860.00
             7212.99,6860.00 7218.81,6844.00 7218.81,6844.00
             7218.81,6844.00 7226.80,6825.00 7226.80,6825.00
             7226.80,6825.00 7232.81,6808.00 7232.81,6808.00
             7232.81,6808.00 7240.55,6790.00 7240.55,6790.00
             7240.55,6790.00 7245.42,6776.00 7245.42,6776.00
             7245.42,6776.00 7255.55,6752.00 7255.55,6752.00
             7255.55,6752.00 7261.45,6736.00 7261.45,6736.00
             7261.45,6736.00 7270.55,6715.00 7270.55,6715.00
             7270.55,6715.00 7276.43,6699.00 7276.43,6699.00
             7276.43,6699.00 7284.55,6681.00 7284.55,6681.00
             7284.55,6681.00 7289.20,6668.00 7289.20,6668.00
             7289.20,6668.00 7298.13,6648.00 7298.13,6648.00
             7298.13,6648.00 7305.01,6630.00 7305.01,6630.00
             7305.01,6630.00 7310.55,6618.00 7310.55,6618.00
             7310.55,6618.00 7317.45,6599.00 7317.45,6599.00
             7317.45,6599.00 7325.55,6581.00 7325.55,6581.00
             7325.55,6581.00 7333.43,6560.00 7333.43,6560.00
             7333.43,6560.00 7339.55,6547.00 7339.55,6547.00
             7339.55,6547.00 7345.45,6531.00 7345.45,6531.00
             7345.45,6531.00 7353.55,6513.00 7353.55,6513.00
             7353.55,6513.00 7361.43,6492.00 7361.43,6492.00
             7361.43,6492.00 7367.55,6479.00 7367.55,6479.00
             7367.55,6479.00 7371.81,6467.00 7371.81,6467.00
             7371.81,6467.00 7381.55,6444.00 7381.55,6444.00
             7381.55,6444.00 7387.45,6428.00 7387.45,6428.00
             7387.45,6428.00 7396.14,6409.00 7396.14,6409.00
             7396.14,6409.00 7403.01,6391.00 7403.01,6391.00
             7403.01,6391.00 7410.55,6374.00 7410.55,6374.00
             7410.55,6374.00 7414.81,6362.00 7414.81,6362.00
             7414.81,6362.00 7423.57,6342.00 7423.57,6342.00
             7423.57,6342.00 7430.01,6325.00 7430.01,6325.00
             7430.01,6325.00 7438.40,6306.00 7438.40,6306.00
             7438.40,6306.00 7445.01,6288.00 7445.01,6288.00
             7445.01,6288.00 7451.40,6274.00 7451.40,6274.00
             7451.40,6274.00 7459.43,6253.00 7459.43,6253.00
             7459.43,6253.00 7466.55,6237.00 7466.55,6237.00
             7466.55,6237.00 7472.01,6222.00 7472.01,6222.00
             7472.01,6222.00 7480.69,6203.00 7480.69,6203.00
             7480.69,6203.00 7486.86,6187.00 7486.86,6187.00
             7486.86,6187.00 7495.94,6166.00 7495.94,6166.00
             7495.94,6166.00 7501.43,6151.00 7501.43,6151.00
             7501.43,6151.00 7509.55,6133.00 7509.55,6133.00
             7509.55,6133.00 7515.43,6117.00 7515.43,6117.00
             7515.43,6117.00 7522.55,6101.00 7522.55,6101.00
             7522.55,6101.00 7528.86,6084.00 7528.86,6084.00
             7528.86,6084.00 7536.55,6067.00 7536.55,6067.00
             7536.55,6067.00 7546.78,6041.00 7546.78,6041.00
             7546.78,6041.00 7562.01,6014.00 7562.01,6014.00
             7562.01,6014.00 7568.43,5998.00 7568.43,5998.00
             7571.70,5990.36 7578.18,5977.94 7582.69,5971.00
             7606.32,5934.72 7642.50,5907.22 7684.00,5894.72
             7709.31,5887.10 7724.05,5886.70 7750.00,5887.00
             7756.73,5887.08 7768.25,5888.86 7775.00,5890.20
             7819.46,5899.04 7860.32,5924.42 7887.27,5961.00
             7900.32,5978.73 7900.75,5983.37 7910.31,6001.00
             7910.31,6001.00 7921.11,6020.00 7921.11,6020.00
             7921.11,6020.00 7929.01,6036.00 7929.01,6036.00
             7929.01,6036.00 7938.63,6053.00 7938.63,6053.00
             7938.63,6053.00 7944.31,6065.00 7944.31,6065.00
             7944.31,6065.00 7952.69,6079.00 7952.69,6079.00
             7952.69,6079.00 7963.31,6100.00 7963.31,6100.00
             7963.31,6100.00 8004.69,6177.00 8004.69,6177.00
             8004.69,6177.00 8014.31,6196.00 8014.31,6196.00
             8014.31,6196.00 8023.69,6212.00 8023.69,6212.00
             8023.69,6212.00 8031.37,6228.00 8031.37,6228.00
             8031.37,6228.00 8041.69,6246.00 8041.69,6246.00
             8041.69,6246.00 8049.04,6261.00 8049.04,6261.00
             8049.04,6261.00 8056.69,6274.00 8056.69,6274.00
             8056.69,6274.00 8067.31,6295.00 8067.31,6295.00
             8067.31,6295.00 8076.69,6311.00 8076.69,6311.00
             8076.69,6311.00 8083.37,6325.00 8083.37,6325.00
             8083.37,6325.00 8093.69,6343.00 8093.69,6343.00
             8093.69,6343.00 8101.49,6359.00 8101.49,6359.00
             8101.49,6359.00 8109.69,6373.00 8109.69,6373.00
             8109.69,6373.00 8139.31,6430.00 8139.31,6430.00
             8139.31,6430.00 8145.69,6441.00 8145.69,6441.00
             8145.69,6441.00 8154.86,6459.00 8154.86,6459.00
             8154.86,6459.00 8163.69,6474.00 8163.69,6474.00
             8163.69,6474.00 8170.97,6489.00 8170.97,6489.00
             8170.97,6489.00 8180.69,6506.00 8180.69,6506.00
             8180.69,6506.00 8189.18,6523.00 8189.18,6523.00
             8189.18,6523.00 8213.69,6568.00 8213.69,6568.00
             8213.69,6568.00 8224.31,6589.00 8224.31,6589.00
             8224.31,6589.00 8233.69,6605.00 8233.69,6605.00
             8233.69,6605.00 8240.90,6620.00 8240.90,6620.00
             8240.90,6620.00 8248.69,6633.00 8248.69,6633.00
             8248.69,6633.00 8277.31,6688.00 8277.31,6688.00
             8277.31,6688.00 8284.22,6700.00 8284.22,6700.00
             8284.22,6700.00 8294.31,6720.00 8294.31,6720.00
             8294.31,6720.00 8305.11,6739.00 8305.11,6739.00
             8305.11,6739.00 8310.31,6750.00 8310.31,6750.00
             8310.31,6750.00 8326.69,6780.00 8326.69,6780.00
             8326.69,6780.00 8336.23,6806.00 8336.23,6806.00
             8336.23,6806.00 8345.66,6829.00 8345.66,6829.00
             8352.14,6847.74 8351.87,6856.51 8355.66,6874.00
             8355.66,6874.00 8359.39,6890.00 8359.39,6890.00
             8359.39,6890.00 8362.42,6908.00 8362.42,6908.00
             8362.42,6908.00 8367.20,6928.00 8367.20,6928.00
             8367.20,6928.00 8369.81,6944.00 8369.81,6944.00
             8369.81,6944.00 8374.39,6964.00 8374.39,6964.00
             8374.39,6964.00 8377.09,6981.00 8377.09,6981.00
             8377.09,6981.00 8381.20,6998.00 8381.20,6998.00
             8381.20,6998.00 8384.31,7018.00 8384.31,7018.00
             8384.31,7018.00 8388.00,7033.00 8388.00,7033.00
             8388.00,7033.00 8391.00,7051.00 8391.00,7051.00
             8391.00,7051.00 8395.00,7068.00 8395.00,7068.00
             8395.00,7068.00 8399.01,7090.00 8399.01,7090.00
             8399.01,7090.00 8402.00,7102.00 8402.00,7102.00
             8402.00,7102.00 8406.28,7127.00 8406.28,7127.00
             8406.28,7127.00 8410.00,7142.00 8410.00,7142.00
             8410.00,7142.00 8413.09,7161.00 8413.09,7161.00
             8413.09,7161.00 8416.79,7176.00 8416.79,7176.00
             8416.79,7176.00 8420.80,7199.00 8420.80,7199.00
             8420.80,7199.00 8431.20,7249.00 8431.20,7249.00
             8431.20,7249.00 8435.28,7272.00 8435.28,7272.00
             8435.28,7272.00 8439.00,7287.00 8439.00,7287.00
             8439.00,7287.00 8441.80,7304.00 8441.80,7304.00
             8441.80,7304.00 8446.80,7326.00 8446.80,7326.00
             8446.80,7326.00 8449.61,7343.00 8449.61,7343.00
             8449.61,7343.00 8453.60,7361.00 8453.60,7361.00
             8453.60,7361.00 8456.46,7378.00 8456.46,7378.00
             8456.46,7378.00 8460.58,7394.00 8460.58,7394.00
             8460.58,7394.00 8464.31,7417.00 8464.31,7417.00
             8464.31,7417.00 8468.00,7432.00 8468.00,7432.00
             8471.02,7446.83 8472.17,7461.89 8472.00,7477.00
             8472.00,7477.00 8469.08,7506.00 8469.08,7506.00
             8469.08,7506.00 8469.08,7518.00 8469.08,7518.00
             8468.85,7530.85 8465.25,7543.36 8463.43,7556.00
             8463.43,7556.00 8460.75,7577.00 8460.75,7577.00
             8460.75,7577.00 8457.30,7594.00 8457.30,7594.00
             8457.30,7594.00 8454.92,7614.00 8454.92,7614.00
             8454.92,7614.00 8451.44,7631.00 8451.44,7631.00
             8451.44,7631.00 8449.58,7647.00 8449.58,7647.00
             8449.58,7647.00 8445.44,7668.00 8445.44,7668.00
             8445.44,7668.00 8438.57,7716.00 8438.57,7716.00
             8438.57,7716.00 8434.27,7739.00 8434.27,7739.00
             8434.27,7739.00 8432.57,7753.00 8432.57,7753.00
             8432.57,7753.00 8428.43,7776.00 8428.43,7776.00
             8428.43,7776.00 8426.58,7791.00 8426.58,7791.00
             8426.58,7791.00 8422.44,7813.00 8422.44,7813.00
             8422.44,7813.00 8420.58,7829.00 8420.58,7829.00
             8420.58,7829.00 8416.44,7850.00 8416.44,7850.00
             8416.44,7850.00 8414.58,7866.00 8414.58,7866.00
             8414.58,7866.00 8410.44,7887.00 8410.44,7887.00
             8410.44,7887.00 8408.87,7901.00 8408.87,7901.00
             8408.87,7901.00 8405.30,7920.00 8405.30,7920.00
             8405.30,7920.00 8403.57,7936.00 8403.57,7936.00
             8403.57,7936.00 8398.59,7963.00 8398.59,7963.00
             8398.59,7963.00 8396.92,7976.00 8396.92,7976.00
             8396.92,7976.00 8393.43,7995.00 8393.43,7995.00
             8393.43,7995.00 8391.58,8010.00 8391.58,8010.00
             8391.58,8010.00 8387.44,8032.00 8387.44,8032.00
             8387.44,8032.00 8385.58,8047.00 8385.58,8047.00
             8385.58,8047.00 8381.44,8069.00 8381.44,8069.00
             8381.44,8069.00 8379.58,8085.00 8379.58,8085.00
             8379.58,8085.00 8375.44,8106.00 8375.44,8106.00
             8375.44,8106.00 8373.73,8121.00 8373.73,8121.00
             8373.73,8121.00 8370.44,8139.00 8370.44,8139.00
             8370.44,8139.00 8364.63,8175.00 8364.63,8175.00
             8364.63,8175.00 8353.69,8207.00 8353.69,8207.00
             8353.69,8207.00 8346.31,8230.00 8346.31,8230.00
             8346.31,8230.00 8340.06,8245.00 8340.06,8245.00
             8340.06,8245.00 8333.95,8263.00 8333.95,8263.00
             8333.95,8263.00 8325.81,8283.00 8325.81,8283.00
             8325.81,8283.00 8319.58,8301.00 8319.58,8301.00
             8319.58,8301.00 8312.69,8318.00 8312.69,8318.00
             8312.69,8318.00 8306.58,8336.00 8306.58,8336.00
             8306.58,8336.00 8301.45,8348.00 8301.45,8348.00
             8301.45,8348.00 8294.95,8367.00 8294.95,8367.00
             8294.95,8367.00 8288.05,8384.00 8288.05,8384.00
             8288.05,8384.00 8282.58,8401.00 8282.58,8401.00
             8282.58,8401.00 8275.06,8419.00 8275.06,8419.00
             8275.06,8419.00 8270.95,8432.00 8270.95,8432.00
             8270.95,8432.00 8262.06,8454.00 8262.06,8454.00
             8262.06,8454.00 8256.58,8470.00 8256.58,8470.00
             8256.58,8470.00 8248.22,8491.00 8248.22,8491.00
             8248.22,8491.00 8243.58,8505.00 8243.58,8505.00
             8243.58,8505.00 8236.06,8523.00 8236.06,8523.00
             8236.06,8523.00 8232.31,8535.00 8232.31,8535.00
             8232.31,8535.00 8223.06,8558.00 8223.06,8558.00
             8223.06,8558.00 8218.58,8572.00 8218.58,8572.00
             8218.58,8572.00 8209.70,8594.00 8209.70,8594.00
             8209.70,8594.00 8202.94,8614.00 8202.94,8614.00
             8202.94,8614.00 8196.23,8630.00 8196.23,8630.00
             8196.23,8630.00 8191.58,8644.00 8191.58,8644.00
             8191.58,8644.00 8184.06,8662.00 8184.06,8662.00
             8184.06,8662.00 8173.69,8691.00 8173.69,8691.00
             8169.98,8699.10 8165.15,8708.56 8160.31,8716.00
             8160.31,8716.00 8152.06,8728.00 8152.06,8728.00
             8138.73,8749.48 8137.21,8754.92 8118.83,8775.00
             8118.83,8775.00 8100.00,8792.04 8100.00,8792.04
             8100.00,8792.04 8085.00,8806.91 8085.00,8806.91
             8085.00,8806.91 8071.04,8819.17 8071.04,8819.17
             8071.04,8819.17 8061.00,8829.83 8061.00,8829.83
             8061.00,8829.83 8043.61,8844.75 8043.61,8844.75
             8043.61,8844.75 8034.99,8853.91 8034.99,8853.91
             8034.99,8853.91 8020.00,8867.09 8020.00,8867.09
             8020.00,8867.09 8004.00,8882.91 8004.00,8882.91
             8004.00,8882.91 7991.00,8894.09 7991.00,8894.09
             7991.00,8894.09 7976.00,8908.83 7976.00,8908.83
             7976.00,8908.83 7964.01,8919.09 7964.01,8919.09
             7964.01,8919.09 7953.99,8929.91 7953.99,8929.91
             7953.99,8929.91 7935.61,8945.75 7935.61,8945.75
             7935.61,8945.75 7926.99,8954.91 7926.99,8954.91
             7926.99,8954.91 7912.00,8968.09 7912.00,8968.09
             7912.00,8968.09 7896.00,8983.91 7896.00,8983.91
             7896.00,8983.91 7882.00,8996.04 7882.00,8996.04
             7882.00,8996.04 7867.00,9010.91 7867.00,9010.91
             7867.00,9010.91 7855.04,9021.17 7855.04,9021.17
             7855.04,9021.17 7845.99,9030.91 7845.99,9030.91
             7845.99,9030.91 7832.00,9043.17 7832.00,9043.17
             7832.00,9043.17 7815.00,9059.91 7815.00,9059.91
             7815.00,9059.91 7802.00,9071.09 7802.00,9071.09
             7790.22,9082.06 7786.18,9087.82 7772.00,9098.27
             7763.61,9104.44 7757.34,9108.57 7748.00,9113.25
             7745.25,9114.63 7738.46,9117.38 7737.35,9120.21
             7736.56,9122.20 7737.69,9125.07 7738.34,9127.00
             7738.34,9127.00 7743.67,9142.00 7743.67,9142.00
             7748.63,9156.88 7752.98,9176.31 7753.00,9192.00
             7753.00,9192.00 7753.00,9294.00 7753.00,9294.00
             7753.01,9302.82 7754.85,9308.48 7756.25,9317.00
             7756.25,9317.00 7759.25,9340.00 7759.25,9340.00
             7761.27,9351.62 7763.98,9363.14 7764.00,9375.00
             7764.00,9375.00 7764.00,9763.00 7764.00,9763.00
             7763.98,9775.90 7760.83,9788.38 7758.61,9801.00
             7758.61,9801.00 7755.92,9822.00 7755.92,9822.00
             7754.48,9830.57 7753.01,9833.92 7753.00,9843.00
             7753.00,9843.00 7753.00,9911.00 7753.00,9911.00
             7752.85,9923.56 7749.36,9935.68 7747.44,9948.00
             7747.44,9948.00 7746.72,9957.00 7746.72,9957.00
             7746.72,9957.00 7742.63,9980.00 7742.63,9980.00
             7741.62,9984.01 7738.71,9996.90 7735.58,9998.98
             7733.71,10000.22 7730.21,10000.00 7728.00,10000.00
             7728.00,10000.00 7176.00,10000.00 7176.00,10000.00
             7176.00,10000.00 6072.00,10000.00 6072.00,10000.00
             6072.00,10000.00 2760.00,10000.00 2760.00,10000.00
             2756.65,9985.15 2752.18,9970.38 2752.00,9955.00
             2751.83,9939.84 2747.37,9933.36 2743.42,9919.00
             2739.86,9906.03 2738.15,9892.41 2738.00,9879.00
             2738.00,9879.00 2735.09,9854.00 2735.09,9854.00
             2735.09,9854.00 2733.83,9831.00 2733.83,9831.00
             2733.83,9831.00 2731.00,9808.00 2731.00,9808.00
             2731.00,9808.00 2731.00,9797.00 2731.00,9797.00
             2731.00,9797.00 2728.00,9773.00 2728.00,9773.00
             2728.00,9773.00 2725.00,9731.00 2725.00,9731.00
             2725.00,9731.00 2722.17,9707.00 2722.17,9707.00
             2722.17,9707.00 2720.83,9684.00 2720.83,9684.00
             2720.83,9684.00 2717.96,9660.00 2717.96,9660.00
             2717.96,9660.00 2717.96,9650.00 2717.96,9650.00
             2717.96,9650.00 2715.00,9624.00 2715.00,9624.00
             2715.00,9624.00 2715.00,9604.00 2715.00,9604.00
             2715.00,9604.00 2714.00,9589.00 2714.00,9589.00
             2714.00,9589.00 2714.00,9566.00 2714.00,9566.00
             2714.00,9566.00 2715.00,9551.00 2715.00,9551.00
             2715.00,9551.00 2715.00,9535.00 2715.00,9535.00
             2715.00,9535.00 2716.79,9515.00 2716.79,9515.00
             2716.79,9515.00 2716.01,9502.00 2716.01,9502.00
             2716.01,9502.00 2718.00,9474.00 2718.00,9474.00
             2718.00,9474.00 2719.00,9420.00 2719.00,9420.00
             2719.00,9420.00 2720.00,9405.00 2720.00,9405.00
             2720.00,9405.00 2720.00,9389.00 2720.00,9389.00
             2720.00,9389.00 2721.79,9367.00 2721.79,9367.00
             2721.79,9367.00 2721.01,9357.00 2721.01,9357.00
             2721.01,9357.00 2723.00,9326.00 2723.00,9326.00
             2723.00,9326.00 2724.00,9278.00 2724.00,9278.00
             2724.00,9278.00 2724.97,9266.00 2724.97,9266.00
             2724.97,9266.00 2724.97,9250.00 2724.97,9250.00
             2724.97,9250.00 2724.97,9239.00 2724.97,9239.00
             2724.97,9239.00 2726.79,9219.00 2726.79,9219.00
             2726.79,9219.00 2726.01,9209.00 2726.01,9209.00
             2726.01,9209.00 2728.00,9178.00 2728.00,9178.00
             2728.00,9178.00 2728.00,9160.00 2728.00,9160.00
             2728.00,9160.00 2729.00,9146.00 2729.00,9146.00
             2729.00,9146.00 2730.00,9093.00 2730.00,9093.00
             2730.00,9093.00 2731.79,9071.00 2731.79,9071.00
             2731.79,9071.00 2731.01,9061.00 2731.01,9061.00
             2731.01,9061.00 2733.00,9031.00 2733.00,9031.00
             2733.00,9031.00 2733.00,9012.00 2733.00,9012.00
             2733.00,9010.05 2733.12,9006.94 2732.40,9005.17
             2731.05,9001.85 2721.20,8994.72 2718.00,8991.83
             2710.03,8984.63 2702.78,8976.51 2696.23,8968.00
             2696.23,8968.00 2679.43,8948.00 2679.43,8948.00
             2679.43,8948.00 2667.54,8933.00 2667.54,8933.00
             2667.54,8933.00 2654.44,8918.00 2654.44,8918.00
             2654.44,8918.00 2642.56,8903.00 2642.56,8903.00
             2642.56,8903.00 2628.61,8887.00 2628.61,8887.00
             2628.61,8887.00 2618.54,8874.00 2618.54,8874.00
             2618.54,8874.00 2609.43,8864.00 2609.43,8864.00
             2609.43,8864.00 2593.54,8844.00 2593.54,8844.00
             2593.54,8844.00 2581.42,8830.00 2581.42,8830.00
             2581.42,8830.00 2559.44,8804.00 2559.44,8804.00
             2559.44,8804.00 2547.56,8789.00 2547.56,8789.00
             2547.56,8789.00 2535.08,8775.00 2535.08,8775.00
             2535.08,8775.00 2523.54,8760.00 2523.54,8760.00
             2523.54,8760.00 2515.43,8751.00 2515.43,8751.00
             2515.43,8751.00 2501.70,8734.00 2501.70,8734.00
             2501.70,8734.00 2488.44,8719.00 2488.44,8719.00
             2488.44,8719.00 2477.54,8705.00 2477.54,8705.00
             2477.54,8705.00 2464.44,8690.00 2464.44,8690.00
             2464.44,8690.00 2453.54,8676.00 2453.54,8676.00
             2453.54,8676.00 2441.08,8662.00 2441.08,8662.00
             2441.08,8662.00 2428.54,8646.00 2428.54,8646.00
             2428.54,8646.00 2420.43,8637.00 2420.43,8637.00
             2420.43,8637.00 2406.56,8620.00 2406.56,8620.00
             2406.56,8620.00 2393.44,8605.00 2393.44,8605.00
             2393.44,8605.00 2382.54,8591.00 2382.54,8591.00
             2382.54,8591.00 2369.44,8576.00 2369.44,8576.00
             2369.44,8576.00 2357.70,8561.00 2357.70,8561.00
             2357.70,8561.00 2346.08,8548.00 2346.08,8548.00
             2346.08,8548.00 2333.56,8532.00 2333.56,8532.00
             2333.56,8532.00 2313.43,8508.00 2313.43,8508.00
             2313.43,8508.00 2297.06,8481.00 2297.06,8481.00
             2297.06,8481.00 2287.06,8467.00 2287.06,8467.00
             2287.06,8467.00 2263.15,8425.00 2263.15,8425.00
             2263.15,8425.00 2214.85,8341.00 2214.85,8341.00
             2214.85,8341.00 2155.43,8238.00 2155.43,8238.00
             2155.43,8238.00 2110.58,8159.00 2110.58,8159.00
             2110.58,8159.00 2088.58,8121.00 2088.58,8121.00
             2088.58,8121.00 2072.45,8092.00 2072.45,8092.00
             2067.18,8079.01 2066.84,8071.64 2067.00,8058.00
             2067.33,8029.76 2092.12,7999.12 2118.00,7989.69
             2134.21,7983.79 2144.20,7984.81 2161.00,7985.00
             2161.00,7985.00 2171.00,7986.00 2171.00,7986.00
             2171.00,7986.00 2183.00,7986.00 2183.00,7986.00
             2183.00,7986.00 2195.00,7987.00 2195.00,7987.00
             2195.00,7987.00 2260.00,7989.00 2260.00,7989.00
             2260.00,7989.00 2277.00,7990.00 2277.00,7990.00
             2277.00,7990.00 2335.00,7992.00 2335.00,7992.00
             2335.00,7992.00 2350.00,7993.00 2350.00,7993.00
             2350.00,7993.00 2364.00,7993.00 2364.00,7993.00
             2364.00,7993.00 2379.00,7994.00 2379.00,7994.00
             2379.00,7994.00 2392.00,7994.00 2392.00,7994.00
             2392.00,7994.00 2411.00,7995.00 2411.00,7995.00
             2411.00,7995.00 2428.00,7996.04 2428.00,7996.04
             2428.00,7996.04 2440.00,7996.04 2440.00,7996.04
             2440.00,7996.04 2450.00,7997.00 2450.00,7997.00
             2450.00,7997.00 2466.00,7997.00 2466.00,7997.00
             2466.00,7997.00 2481.00,7998.00 2481.00,7998.00
             2481.00,7998.00 2566.00,8001.00 2566.00,8001.00
             2566.00,8001.00 2582.00,8002.00 2582.00,8002.00
             2582.00,8002.00 2642.00,8004.00 2642.00,8004.00
             2642.00,8004.00 2668.00,8005.00 2668.00,8005.00
             2668.00,8005.00 2684.00,8006.00 2684.00,8006.00
             2684.00,8006.00 2698.00,8006.00 2698.00,8006.00
             2698.00,8006.00 2716.00,8007.00 2716.00,8007.00
             2716.00,8007.00 2733.00,8008.00 2733.00,8008.00
             2733.00,8008.00 2769.00,8009.00 2769.00,8009.00
             2769.00,8009.00 2786.00,8010.00 2786.00,8010.00
             2786.00,8010.00 2800.00,8010.00 2800.00,8010.00
             2800.00,8010.00 2815.00,8011.00 2815.00,8011.00
             2815.00,8011.00 2833.00,8012.00 2833.00,8012.00
             2833.00,8012.00 2849.00,8012.00 2849.00,8012.00
             2849.00,8012.00 2864.00,8013.04 2864.00,8013.04
             2864.00,8013.04 2876.00,8013.04 2876.00,8013.04
             2876.00,8013.04 2886.00,8014.00 2886.00,8014.00
             2886.00,8014.00 2902.00,8014.00 2902.00,8014.00
             2902.00,8014.00 2917.00,8015.00 2917.00,8015.00
             2917.00,8015.00 2975.00,8017.00 2975.00,8017.00
             2975.00,8017.00 2990.00,8018.00 2990.00,8018.00
             2990.00,8018.00 3031.00,8019.00 3031.00,8019.00
             3031.00,8019.00 3046.00,8020.00 3046.00,8020.00
             3046.00,8020.00 3076.00,8021.00 3076.00,8021.00
             3076.00,8021.00 3091.00,8022.00 3091.00,8022.00
             3091.00,8022.00 3134.00,8023.00 3134.00,8023.00
             3134.00,8023.00 3148.00,8024.00 3148.00,8024.00
             3148.00,8024.00 3176.00,8025.00 3176.00,8025.00
             3176.00,8025.00 3193.00,8026.00 3193.00,8026.00
             3193.00,8026.00 3234.00,8027.00 3234.00,8027.00
             3234.00,8027.00 3256.00,8028.00 3256.00,8028.00
             3256.00,8028.00 3271.00,8029.00 3271.00,8029.00
             3271.00,8029.00 3309.00,8030.00 3309.00,8030.00
             3309.00,8030.00 3324.00,8031.00 3324.00,8031.00
             3324.00,8031.00 3337.00,8031.00 3337.00,8031.00
             3337.00,8031.00 3356.00,8032.00 3356.00,8032.00
             3356.00,8032.00 3373.00,8033.00 3373.00,8033.00
             3373.00,8033.00 3411.00,8034.00 3411.00,8034.00
             3411.00,8034.00 3426.00,8035.00 3426.00,8035.00
             3426.00,8035.00 3486.00,8037.00 3486.00,8037.00
             3486.00,8037.00 3503.00,8038.04 3503.00,8038.04
             3503.00,8038.04 3516.00,8038.04 3516.00,8038.04
             3516.00,8038.04 3528.00,8039.00 3528.00,8039.00
             3528.00,8039.00 3569.00,8040.00 3569.00,8040.00
             3569.00,8040.00 3590.00,8041.00 3590.00,8041.00
             3590.00,8041.00 3603.00,8042.04 3603.00,8042.04
             3603.00,8042.04 3617.00,8042.04 3617.00,8042.04
             3617.00,8042.04 3629.00,8043.00 3629.00,8043.00
             3629.00,8043.00 3643.00,8043.00 3643.00,8043.00
             3643.00,8043.00 3658.00,8044.00 3658.00,8044.00
             3658.00,8044.00 3743.00,8047.00 3743.00,8047.00
             3743.00,8047.00 3760.00,8048.00 3760.00,8048.00
             3760.00,8048.00 3774.00,8048.00 3774.00,8048.00
             3774.00,8048.00 3789.00,8049.00 3789.00,8049.00
             3789.00,8049.00 3794.00,8049.00 3794.00,8049.00
             3794.00,8049.00 3809.00,8050.04 3809.00,8050.04
             3809.00,8050.04 3821.00,8050.04 3821.00,8050.04
             3821.00,8050.04 3833.00,8051.00 3833.00,8051.00
             3833.00,8051.00 3874.00,8052.00 3874.00,8052.00
             3874.00,8052.00 3896.00,8053.00 3896.00,8053.00
             3896.00,8053.00 3911.00,8054.00 3911.00,8054.00
             3911.00,8054.00 3922.00,8054.00 3922.00,8054.00
             3922.00,8054.00 3939.00,8055.04 3939.00,8055.04
             3939.00,8055.04 3952.00,8055.04 3952.00,8055.04
             3952.00,8055.04 3964.00,8056.00 3964.00,8056.00
             3964.00,8056.00 4023.00,8058.00 4023.00,8058.00
             4023.00,8058.00 4036.00,8058.96 4036.00,8058.96
             4036.00,8058.96 4049.00,8058.96 4049.00,8058.96
             4049.00,8058.96 4065.00,8060.00 4065.00,8060.00
             4065.00,8060.00 4079.00,8060.00 4079.00,8060.00
             4079.00,8060.00 4097.00,8061.00 4097.00,8061.00
             4097.00,8061.00 4114.00,8062.00 4114.00,8062.00
             4114.00,8062.00 4152.00,8063.00 4152.00,8063.00
             4152.00,8063.00 4167.00,8064.00 4167.00,8064.00
             4167.00,8064.00 4208.00,8065.00 4208.00,8065.00
             4208.00,8065.00 4230.00,8066.00 4230.00,8066.00
             4230.00,8066.00 4243.00,8067.04 4243.00,8067.04
             4243.00,8067.04 4257.00,8067.04 4257.00,8067.04
             4257.00,8067.04 4269.00,8068.00 4269.00,8068.00
             4269.00,8068.00 4283.00,8068.00 4283.00,8068.00
             4283.00,8068.00 4298.00,8069.00 4298.00,8069.00
             4298.00,8069.00 4383.00,8072.00 4383.00,8072.00
             4383.00,8072.00 4400.00,8073.00 4400.00,8073.00
             4400.00,8073.00 4414.00,8073.00 4414.00,8073.00
             4414.00,8073.00 4429.00,8074.00 4429.00,8074.00
             4429.00,8074.00 4433.00,8074.00 4433.00,8074.00
             4433.00,8074.00 4443.00,8074.96 4443.00,8074.96
             4443.00,8074.96 4457.00,8074.96 4457.00,8074.96
             4457.00,8074.96 4472.00,8076.00 4472.00,8076.00
             4472.00,8076.00 4514.00,8077.00 4514.00,8077.00
             4514.00,8077.00 4529.00,8078.00 4529.00,8078.00
             4529.00,8078.00 4559.00,8079.00 4559.00,8079.00
             4559.00,8079.00 4572.00,8080.00 4572.00,8080.00
             4572.00,8080.00 4587.00,8080.00 4587.00,8080.00
             4587.00,8080.00 4603.00,8081.00 4603.00,8081.00
             4603.00,8081.00 4616.00,8081.00 4616.00,8081.00
             4616.00,8081.00 4635.00,8082.00 4635.00,8082.00
             4635.00,8082.00 4652.00,8083.00 4652.00,8083.00
             4652.00,8083.00 4688.00,8084.00 4688.00,8084.00
             4688.00,8084.00 4705.00,8085.00 4705.00,8085.00
             4705.00,8085.00 4719.00,8085.00 4719.00,8085.00
             4719.00,8085.00 4729.00,8085.96 4729.00,8085.96
             4729.00,8085.96 4739.00,8085.96 4739.00,8085.96
             4739.00,8085.96 4754.00,8087.00 4754.00,8087.00
             4754.00,8087.00 4790.00,8088.00 4790.00,8088.00
             4790.00,8088.00 4807.00,8089.00 4807.00,8089.00
             4807.00,8089.00 4848.00,8090.00 4848.00,8090.00
             4848.00,8090.00 4870.00,8091.00 4870.00,8091.00
             4870.00,8091.00 4885.00,8092.04 4885.00,8092.04
             4885.00,8092.04 4897.00,8092.04 4897.00,8092.04
             4897.00,8092.04 4909.00,8093.00 4909.00,8093.00
             4909.00,8093.00 4950.00,8094.00 4950.00,8094.00
             4950.00,8094.00 4971.00,8095.00 4971.00,8095.00
             4971.00,8095.00 4984.00,8096.04 4984.00,8096.04
             4984.00,8096.04 4998.00,8096.04 4998.00,8096.04
             4998.00,8096.04 5010.00,8097.00 5010.00,8097.00
             5010.00,8097.00 5024.00,8097.00 5024.00,8097.00
             5024.00,8097.00 5039.00,8098.00 5039.00,8098.00
             5039.00,8098.00 5124.00,8101.00 5124.00,8101.00
             5124.00,8101.00 5141.00,8102.00 5141.00,8102.00
             5141.00,8102.00 5155.00,8102.00 5155.00,8102.00
             5155.00,8102.00 5170.00,8103.00 5170.00,8103.00
             5170.00,8103.00 5175.00,8103.00 5175.00,8103.00
             5175.00,8103.00 5185.00,8103.96 5185.00,8103.96
             5185.00,8103.96 5199.00,8103.96 5199.00,8103.96
             5199.00,8103.96 5214.00,8105.00 5214.00,8105.00
             5214.00,8105.00 5256.00,8106.00 5256.00,8106.00
             5256.00,8106.00 5267.00,8106.96 5267.00,8106.96
             5267.00,8106.96 5277.00,8106.96 5277.00,8106.96
             5277.00,8106.96 5292.00,8108.00 5292.00,8108.00
             5292.00,8108.00 5357.00,8110.00 5357.00,8110.00
             5357.00,8110.00 5378.00,8111.00 5378.00,8111.00
             5378.00,8111.00 5393.00,8112.00 5393.00,8112.00
             5393.00,8112.00 5459.00,8114.00 5459.00,8114.00
             5459.00,8114.00 5475.00,8115.00 5475.00,8115.00
             5475.00,8115.00 5493.00,8116.00 5493.00,8116.00
             5493.00,8116.00 5507.00,8116.00 5507.00,8116.00
             5507.00,8116.00 5524.00,8117.00 5524.00,8117.00
             5524.00,8117.00 5532.00,8117.00 5532.00,8117.00
             5532.00,8117.00 5548.00,8118.00 5548.00,8118.00
             5548.00,8118.00 5589.00,8119.00 5589.00,8119.00
             5589.00,8119.00 5611.00,8120.00 5611.00,8120.00
             5611.00,8120.00 5624.00,8121.04 5624.00,8121.04
             5624.00,8121.04 5638.00,8121.04 5638.00,8121.04
             5638.00,8121.04 5649.00,8122.00 5649.00,8122.00
             5649.00,8122.00 5691.00,8123.00 5691.00,8123.00
             5691.00,8123.00 5713.00,8124.00 5713.00,8124.00
             5713.00,8124.00 5728.00,8125.00 5728.00,8125.00
             5728.00,8125.00 5764.00,8126.00 5764.00,8126.00
             5764.00,8126.00 5781.00,8127.00 5781.00,8127.00
             5781.00,8127.00 5795.00,8127.00 5795.00,8127.00
             5795.00,8127.00 5810.00,8128.00 5810.00,8128.00
             5810.00,8128.00 5814.00,8128.00 5814.00,8128.00
             5814.00,8128.00 5829.00,8129.04 5829.00,8129.04
             5829.00,8129.04 5841.00,8129.04 5841.00,8129.04
             5841.00,8129.04 5852.00,8130.00 5852.00,8130.00
             5852.00,8130.00 5868.00,8130.00 5868.00,8130.00
             5868.00,8130.00 5883.00,8131.00 5883.00,8131.00
             5883.00,8131.00 5942.00,8133.00 5942.00,8133.00
             5942.00,8133.00 5968.00,8134.00 5968.00,8134.00
             5968.00,8134.00 5984.00,8135.00 5984.00,8135.00
             5984.00,8135.00 6045.00,8137.00 6045.00,8137.00
             6045.00,8137.00 6057.00,8137.96 6057.00,8137.96
             6057.00,8137.96 6069.00,8137.96 6069.00,8137.96
             6069.00,8137.96 6084.00,8139.00 6084.00,8139.00
             6084.00,8139.00 6099.00,8139.00 6099.00,8139.00
             6099.00,8139.00 6118.00,8140.00 6118.00,8140.00
             6118.00,8140.00 6135.00,8141.00 6135.00,8141.00
             6135.00,8141.00 6149.00,8141.00 6149.00,8141.00
             6149.00,8141.00 6164.00,8142.04 6164.00,8142.04
             6164.00,8142.04 6176.00,8142.04 6176.00,8142.04
             6176.00,8142.04 6186.00,8143.00 6186.00,8143.00
             6186.00,8143.00 6201.00,8143.00 6201.00,8143.00
             6201.00,8143.00 6217.00,8144.00 6217.00,8144.00
             6217.00,8144.00 6273.00,8146.00 6273.00,8146.00
             6273.00,8146.00 6290.00,8147.04 6290.00,8147.04
             6290.00,8147.04 6307.00,8147.04 6307.00,8147.04
             6307.00,8147.04 6318.00,8148.00 6318.00,8148.00
             6318.00,8148.00 6333.00,8148.00 6333.00,8148.00
             6333.00,8148.00 6343.00,8149.00 6343.00,8149.00
             6343.00,8149.00 6355.00,8149.00 6355.00,8149.00
             6355.00,8149.00 6367.00,8150.04 6367.00,8150.04
             6367.00,8150.04 6379.00,8150.04 6379.00,8150.04
             6379.00,8150.04 6391.00,8151.00 6391.00,8151.00
             6391.00,8151.00 6432.00,8152.00 6432.00,8152.00
             6432.00,8152.00 6447.00,8153.00 6447.00,8153.00
             6447.00,8153.00 6476.00,8154.00 6476.00,8154.00
             6476.00,8154.00 6492.00,8155.00 6492.00,8155.00
             6502.01,8155.05 6507.85,8154.60 6518.00,8156.13
             6518.00,8156.13 6538.00,8160.83 6538.00,8160.83
             6538.00,8160.83 6552.00,8153.26 6552.00,8153.26
             6552.00,8153.26 6567.00,8145.57 6567.00,8145.57
             6567.00,8145.57 6590.00,8132.25 6590.00,8132.25
             6590.00,8132.25 6619.00,8116.31 6619.00,8116.31
             6619.00,8116.31 6633.00,8109.13 6633.00,8109.13
             6633.00,8109.13 6654.00,8096.89 6654.00,8096.89
             6654.00,8096.89 6663.00,8092.56 6663.00,8092.56
             6663.00,8092.56 6678.00,8083.43 6678.00,8083.43
             6678.00,8083.43 6697.00,8073.69 6697.00,8073.69
             6697.00,8073.69 6714.00,8063.43 6714.00,8063.43
             6714.00,8063.43 6729.00,8055.88 6729.00,8055.88
             6729.00,8055.88 6742.00,8048.01 6742.00,8048.01
             6742.00,8048.01 6759.00,8039.14 6759.00,8039.14
             6759.00,8039.14 6780.00,8026.86 6780.00,8026.86
             6780.00,8026.86 6795.00,8019.13 6795.00,8019.13
             6795.00,8019.13 6807.00,8011.86 6807.00,8011.86
             6807.00,8011.86 6825.00,8002.68 6825.00,8002.68
             6825.00,8002.68 6839.00,7994.43 6839.00,7994.43
             6839.00,7994.43 6866.00,7979.80 6866.00,7979.80
             6868.80,7978.12 6874.34,7975.18 6876.15,7972.67
             6878.03,7970.06 6878.52,7962.50 6879.00,7959.00
             6879.00,7959.00 6883.13,7928.00 6883.13,7928.00
             6883.13,7928.00 6900.42,7820.00 6900.42,7820.00
             6912.38,7753.70 6925.90,7687.78 6940.42,7622.00
             6940.42,7622.00 6956.88,7551.00 6956.88,7551.00
             6956.88,7551.00 6964.54,7519.00 6964.54,7519.00
             6964.54,7519.00 6967.61,7496.00 6967.61,7496.00
             6969.55,7485.68 6972.17,7475.90 6975.69,7466.00
             6978.77,7457.35 6981.66,7453.53 6983.00,7444.00 Z
           M 1021.83,9107.52
           C 1037.84,9105.85 1077.92,9111.08 1096.00,9112.83
             1096.00,9112.83 1126.00,9115.17 1126.00,9115.17
             1126.00,9115.17 1139.00,9116.83 1139.00,9116.83
             1139.00,9116.83 1170.00,9119.17 1170.00,9119.17
             1170.00,9119.17 1193.00,9121.83 1193.00,9121.83
             1193.00,9121.83 1213.00,9123.17 1213.00,9123.17
             1213.00,9123.17 1257.00,9127.84 1257.00,9127.84
             1257.00,9127.84 1280.00,9130.08 1280.00,9130.08
             1280.00,9130.08 1307.00,9136.58 1307.00,9136.58
             1307.00,9136.58 1382.00,9154.12 1382.00,9154.12
             1409.04,9160.53 1436.97,9165.10 1463.00,9175.06
             1463.00,9175.06 1509.00,9197.75 1509.00,9197.75
             1509.00,9197.75 1556.00,9221.74 1556.00,9221.74
             1556.00,9221.74 1576.00,9231.45 1576.00,9231.45
             1576.00,9231.45 1598.00,9246.33 1598.00,9246.33
             1598.00,9246.33 1659.00,9287.49 1659.00,9287.49
             1659.00,9287.49 1717.00,9326.67 1717.00,9326.67
             1729.32,9334.88 1750.61,9348.79 1761.00,9358.17
             1761.00,9358.17 1779.04,9377.00 1779.04,9377.00
             1779.04,9377.00 1817.91,9418.00 1817.91,9418.00
             1817.91,9418.00 1838.04,9440.00 1838.04,9440.00
             1838.04,9440.00 1894.09,9500.00 1894.09,9500.00
             1904.66,9511.34 1917.07,9522.47 1926.24,9535.00
             1937.32,9550.13 1945.68,9568.37 1954.26,9585.00
             1954.26,9585.00 1972.69,9619.00 1972.69,9619.00
             1972.69,9619.00 1990.31,9653.00 1990.31,9653.00
             1990.31,9653.00 2027.25,9723.00 2027.25,9723.00
             2033.64,9735.78 2040.88,9748.30 2045.25,9762.00
             2045.25,9762.00 2051.23,9789.00 2051.23,9789.00
             2051.23,9789.00 2070.87,9879.00 2070.87,9879.00
             2070.87,9879.00 2079.23,9917.00 2079.23,9917.00
             2083.64,9935.64 2088.89,9952.77 2083.84,9972.00
             2082.10,9978.64 2075.69,9995.63 2069.82,9998.98
             2067.66,10000.21 2064.44,10000.00 2062.00,10000.00
             2062.00,10000.00 1560.00,10000.00 1560.00,10000.00
             1560.00,10000.00 555.00,10000.00 555.00,10000.00
             555.00,10000.00 207.00,10000.00 207.00,10000.00
             207.00,10000.00 117.00,10000.00 117.00,10000.00
             107.16,9999.98 106.92,9997.45 102.87,9988.00
             97.80,9976.14 97.86,9967.49 98.00,9955.00
             98.00,9955.00 103.72,9914.00 103.72,9914.00
             103.72,9914.00 116.72,9822.00 116.72,9822.00
             116.72,9822.00 123.27,9774.00 123.27,9774.00
             123.27,9774.00 126.72,9753.00 126.72,9753.00
             128.57,9738.94 130.88,9716.78 135.34,9704.00
             135.34,9704.00 157.75,9658.00 157.75,9658.00
             157.75,9658.00 199.75,9574.00 199.75,9574.00
             199.75,9574.00 233.75,9506.00 233.75,9506.00
             239.61,9494.29 247.85,9476.13 255.04,9466.00
             262.81,9455.05 273.81,9444.98 282.83,9435.00
             282.83,9435.00 343.91,9368.00 343.91,9368.00
             343.91,9368.00 359.09,9351.00 359.09,9351.00
             359.09,9351.00 408.84,9297.00 408.84,9297.00
             421.00,9283.38 438.58,9262.64 454.00,9253.45
             454.00,9253.45 507.00,9230.15 507.00,9230.15
             507.00,9230.15 616.00,9183.58 616.00,9183.58
             616.00,9183.58 675.00,9157.87 675.00,9157.87
             675.00,9157.87 694.00,9150.14 694.00,9150.14
             704.78,9145.34 733.02,9132.49 743.00,9130.45
             743.00,9130.45 768.00,9127.83 768.00,9127.83
             768.00,9127.83 830.00,9122.91 830.00,9122.91
             830.00,9122.91 870.00,9119.00 870.00,9119.00
             870.00,9119.00 878.00,9119.00 878.00,9119.00
             878.00,9119.00 909.00,9115.96 909.00,9115.96
             909.00,9115.96 917.00,9115.96 917.00,9115.96
             917.00,9115.96 943.00,9113.09 943.00,9113.09
             943.00,9113.09 996.00,9109.09 996.00,9109.09
             996.00,9109.09 1021.83,9107.52 1021.83,9107.52 Z
           M 9775.00,10000.00
           C 9775.00,10000.00 8993.00,10000.00 8993.00,10000.00
             8993.00,10000.00 8467.00,10000.00 8467.00,10000.00
             8467.00,10000.00 7973.00,10000.00 7973.00,10000.00
             7970.90,10000.00 7967.39,10000.25 7965.65,9999.01
             7963.88,9997.75 7962.58,9994.02 7961.81,9992.00
             7959.41,9985.70 7957.55,9976.74 7957.09,9970.00
             7956.18,9956.73 7960.30,9944.55 7963.86,9932.00
             7963.86,9932.00 7978.37,9880.00 7978.37,9880.00
             7978.37,9880.00 7989.26,9842.00 7989.26,9842.00
             7989.26,9842.00 8022.43,9722.00 8022.43,9722.00
             8022.43,9722.00 8042.43,9651.00 8042.43,9651.00
             8042.43,9651.00 8049.12,9628.00 8049.12,9628.00
             8049.12,9628.00 8065.85,9568.00 8065.85,9568.00
             8068.68,9557.65 8074.02,9535.50 8078.27,9527.00
             8078.27,9527.00 8086.00,9514.00 8086.00,9514.00
             8089.36,9508.42 8092.82,9502.87 8097.17,9498.00
             8097.17,9498.00 8114.91,9479.96 8114.91,9479.96
             8114.91,9479.96 8139.28,9454.17 8139.28,9454.17
             8139.28,9454.17 8164.91,9428.00 8164.91,9428.00
             8164.91,9428.00 8188.80,9399.00 8188.80,9399.00
             8188.80,9399.00 8219.09,9364.00 8219.09,9364.00
             8219.09,9364.00 8236.99,9346.00 8236.99,9346.00
             8236.99,9346.00 8259.00,9324.17 8259.00,9324.17
             8259.00,9324.17 8290.00,9296.96 8290.00,9296.96
             8290.00,9296.96 8317.09,9268.99 8317.09,9268.99
             8317.09,9268.99 8333.91,9252.00 8333.91,9252.00
             8347.79,9237.10 8360.86,9223.27 8379.00,9213.31
             8390.55,9206.97 8419.11,9199.65 8433.00,9195.85
             8433.00,9195.85 8518.00,9171.57 8518.00,9171.57
             8518.00,9171.57 8616.00,9143.57 8616.00,9143.57
             8616.00,9143.57 8665.00,9130.21 8665.00,9130.21
             8665.00,9130.21 8705.00,9125.83 8705.00,9125.83
             8705.00,9125.83 8748.00,9121.17 8748.00,9121.17
             8748.00,9121.17 8776.00,9118.83 8776.00,9118.83
             8776.00,9118.83 8788.00,9117.17 8788.00,9117.17
             8788.00,9117.17 8865.00,9109.83 8865.00,9109.83
             8865.00,9109.83 8894.00,9107.00 8894.00,9107.00
             8919.38,9106.71 8951.14,9118.66 8976.00,9125.58
             8976.00,9125.58 9058.00,9148.43 9058.00,9148.43
             9058.00,9148.43 9122.00,9166.85 9122.00,9166.85
             9122.00,9166.85 9257.00,9204.58 9257.00,9204.58
             9257.00,9204.58 9315.00,9221.06 9315.00,9221.06
             9318.28,9222.31 9323.93,9225.12 9327.00,9226.87
             9337.00,9232.59 9354.72,9249.49 9364.00,9257.83
             9364.00,9257.83 9404.00,9292.29 9404.00,9292.29
             9404.00,9292.29 9420.00,9306.58 9420.00,9306.58
             9420.00,9306.58 9507.00,9382.73 9507.00,9382.73
             9507.00,9382.73 9540.00,9411.72 9540.00,9411.72
             9547.24,9417.98 9558.74,9426.93 9564.54,9434.00
             9572.91,9444.21 9586.58,9472.06 9593.26,9485.00
             9593.26,9485.00 9613.69,9523.00 9613.69,9523.00
             9613.69,9523.00 9636.26,9567.00 9636.26,9567.00
             9636.26,9567.00 9668.22,9627.00 9668.22,9627.00
             9668.22,9627.00 9714.94,9717.00 9714.94,9717.00
             9714.94,9717.00 9739.31,9763.00 9739.31,9763.00
             9743.97,9771.62 9749.87,9781.78 9753.00,9791.00
             9757.04,9802.94 9759.35,9821.20 9761.13,9834.00
             9761.13,9834.00 9769.28,9896.00 9769.28,9896.00
             9769.28,9896.00 9775.43,9942.00 9775.43,9942.00
             9775.43,9942.00 9779.00,9971.00 9779.00,9971.00
             9779.07,9986.32 9778.20,9985.81 9775.00,10000.00 Z" />
</svg>
