<?xml version="1.0" encoding="UTF-8" standalone="no"?>
<!DOCTYPE svg PUBLIC "-//W3C//DTD SVG 20010904//EN"
              "http://www.w3.org/TR/2001/REC-SVG-20010904/DTD/svg10.dtd">

<svg xmlns="http://www.w3.org/2000/svg"
     width="8.26772in" height="8.26772in"
     viewBox="0 0 10000 10000">
  <path id="2 Maud Dark Grey"
        fill="none" stroke="black" stroke-width="1"
        d="M 1232.00,2144.00
           C 1232.00,2144.00 1408.00,2144.00 1408.00,2144.00
             1408.00,2144.00 1408.00,2648.00 1408.00,2648.00
             1408.00,2648.00 1912.00,2648.00 1912.00,2648.00
             1912.00,2648.00 1912.00,2824.00 1912.00,2824.00
             1912.00,2824.00 1408.00,2824.00 1408.00,2824.00
             1408.00,2824.00 1408.00,3328.00 1408.00,3328.00
             1408.00,3328.00 1232.00,3328.00 1232.00,3328.00
             1232.00,3328.00 1232.00,2824.00 1232.00,2824.00
             1232.00,2824.00 728.00,2824.00 728.00,2824.00
             728.00,2824.00 728.00,2648.00 728.00,2648.00
             728.00,2648.00 1232.00,2648.00 1232.00,2648.00
             1232.00,2648.00 1232.00,2144.00 1232.00,2144.00 Z
           M 8704.00,2176.00
           C 8704.00,2176.00 8880.00,2176.00 8880.00,2176.00
             8880.00,2176.00 8880.00,2680.00 8880.00,2680.00
             8880.00,2680.00 9384.00,2680.00 9384.00,2680.00
             9384.00,2680.00 9384.00,2856.00 9384.00,2856.00
             9384.00,2856.00 8880.00,2856.00 8880.00,2856.00
             8880.00,2856.00 8880.00,3360.00 8880.00,3360.00
             8880.00,3360.00 8704.00,3360.00 8704.00,3360.00
             8704.00,3360.00 8704.00,2856.00 8704.00,2856.00
             8704.00,2856.00 8200.00,2856.00 8200.00,2856.00
             8200.00,2856.00 8200.00,2680.00 8200.00,2680.00
             8200.00,2680.00 8704.00,2680.00 8704.00,2680.00
             8704.00,2680.00 8704.00,2176.00 8704.00,2176.00 Z
           M 6994.00,7419.00
           C 6994.00,7419.00 6999.83,7364.00 6999.83,7364.00
             6999.83,7364.00 7018.72,7209.00 7018.72,7209.00
             7035.61,7080.65 7061.40,6935.76 7095.15,6811.00
             7095.15,6811.00 7119.67,6729.00 7119.67,6729.00
             7119.67,6729.00 7137.67,6677.00 7137.67,6677.00
             7157.11,6618.88 7178.78,6561.28 7200.58,6504.00
             7236.87,6408.59 7275.18,6313.82 7317.69,6221.00
             7317.69,6221.00 7349.26,6153.00 7349.26,6153.00
             7349.26,6153.00 7380.75,6090.00 7380.75,6090.00
             7380.75,6090.00 7403.78,6043.00 7403.78,6043.00
             7420.56,6011.19 7439.00,5980.11 7458.66,5950.00
             7489.57,5902.65 7520.39,5859.67 7562.00,5820.91
             7590.04,5794.80 7620.99,5772.50 7658.00,5761.02
             7682.00,5753.59 7707.02,5751.71 7732.00,5752.00
             7732.00,5752.00 7742.00,5752.91 7742.00,5752.91
             7847.93,5760.19 7935.68,5833.50 8005.09,5908.00
             8005.09,5908.00 8050.75,5959.00 8050.75,5959.00
             8111.68,6032.73 8173.61,6129.69 8219.31,6214.00
             8219.31,6214.00 8255.74,6282.00 8255.74,6282.00
             8292.47,6353.18 8325.44,6426.17 8356.42,6500.00
             8375.63,6545.76 8393.06,6592.26 8409.69,6639.00
             8466.57,6798.83 8509.22,6959.85 8538.25,7127.00
             8548.39,7185.38 8556.28,7244.07 8562.17,7303.00
             8562.17,7303.00 8568.09,7375.00 8568.09,7375.00
             8568.09,7375.00 8570.00,7405.00 8570.00,7405.00
             8570.00,7405.00 8571.00,7420.00 8571.00,7420.00
             8571.00,7420.00 8572.00,7440.00 8572.00,7440.00
             8572.00,7440.00 8572.00,7455.00 8572.00,7455.00
             8572.00,7455.00 8573.00,7472.00 8573.00,7472.00
             8573.00,7472.00 8573.00,7565.00 8573.00,7565.00
             8573.00,7565.00 8572.00,7580.00 8572.00,7580.00
             8572.00,7580.00 8571.00,7611.00 8571.00,7611.00
             8571.00,7611.00 8570.00,7630.00 8570.00,7630.00
             8570.00,7630.00 8568.09,7655.00 8568.09,7655.00
             8568.09,7655.00 8560.16,7735.00 8560.16,7735.00
             8554.27,7790.11 8546.35,7845.16 8538.27,7900.00
             8512.25,8076.64 8476.87,8252.40 8420.33,8422.00
             8398.66,8487.02 8373.87,8546.80 8345.31,8609.00
             8324.40,8654.52 8293.29,8711.91 8264.98,8753.00
             8197.42,8851.02 8107.33,8936.59 8010.00,9004.72
             7973.12,9030.53 7934.80,9053.78 7895.00,9074.78
             7895.00,9074.78 7866.00,9089.54 7866.00,9089.54
             7853.89,9095.10 7822.25,9110.36 7811.00,9113.00
             7811.00,9113.00 7819.15,9169.00 7819.15,9169.00
             7819.15,9169.00 7824.83,9216.00 7824.83,9216.00
             7824.83,9216.00 7830.09,9291.00 7830.09,9291.00
             7830.09,9291.00 7838.09,9397.00 7838.09,9397.00
             7838.09,9397.00 7839.26,9411.00 7839.26,9411.00
             7840.45,9418.27 7841.96,9419.20 7842.00,9428.00
             7842.00,9428.00 7843.00,9467.00 7843.00,9467.00
             7843.00,9467.00 7844.00,9484.00 7844.00,9484.00
             7844.00,9484.00 7844.00,9523.00 7844.00,9523.00
             7844.00,9523.00 7845.00,9540.00 7845.00,9540.00
             7845.00,9540.00 7845.00,9575.00 7845.00,9575.00
             7845.00,9575.00 7844.00,9590.00 7844.00,9590.00
             7844.00,9590.00 7844.00,9629.00 7844.00,9629.00
             7844.00,9629.00 7843.00,9646.00 7843.00,9646.00
             7843.00,9646.00 7843.00,9660.00 7843.00,9660.00
             7843.00,9660.00 7842.04,9671.00 7842.04,9671.00
             7842.04,9671.00 7842.04,9683.00 7842.04,9683.00
             7842.04,9683.00 7841.00,9702.00 7841.00,9702.00
             7841.00,9702.00 7840.00,9721.00 7840.00,9721.00
             7840.00,9721.00 7839.09,9733.00 7839.09,9733.00
             7839.09,9733.00 7836.09,9777.00 7836.09,9777.00
             7836.09,9777.00 7829.17,9854.00 7829.17,9854.00
             7829.17,9854.00 7820.27,9931.00 7820.27,9931.00
             7820.27,9931.00 7812.92,9983.00 7812.92,9983.00
             7812.39,9986.22 7811.50,9997.22 7809.26,9999.01
             7807.71,10000.26 7803.95,10000.00 7802.00,10000.00
             7802.00,10000.00 7661.00,10000.00 7661.00,10000.00
             7661.00,10000.00 7664.58,9978.00 7664.58,9978.00
             7664.58,9978.00 7674.72,9909.00 7674.72,9909.00
             7674.72,9909.00 7685.83,9813.00 7685.83,9813.00
             7685.83,9813.00 7689.17,9772.00 7689.17,9772.00
             7689.17,9772.00 7693.09,9717.00 7693.09,9717.00
             7693.09,9717.00 7695.00,9681.00 7695.00,9681.00
             7695.00,9681.00 7696.04,9666.00 7696.04,9666.00
             7696.04,9666.00 7696.04,9655.00 7696.04,9655.00
             7696.04,9655.00 7697.00,9644.00 7697.00,9644.00
             7697.00,9644.00 7697.00,9626.00 7697.00,9626.00
             7697.00,9626.00 7698.00,9610.00 7698.00,9610.00
             7698.00,9610.00 7698.00,9509.00 7698.00,9509.00
             7698.00,9509.00 7699.00,9494.00 7699.00,9494.00
             7699.00,9494.00 7699.00,9420.00 7699.00,9420.00
             7699.00,9420.00 7700.00,9405.00 7700.00,9405.00
             7700.00,9405.00 7702.00,9147.00 7702.00,9147.00
             7702.00,9147.00 7658.00,9153.00 7658.00,9153.00
             7662.10,9147.74 7674.37,9137.72 7680.00,9132.87
             7680.00,9132.87 7719.00,9098.72 7719.00,9098.72
             7719.00,9098.72 7828.00,8999.91 7828.00,8999.91
             7828.00,8999.91 7867.00,8962.04 7867.00,8962.04
             7867.00,8962.04 7910.99,8919.00 7910.99,8919.00
             7910.99,8919.00 7921.01,8908.00 7921.01,8908.00
             7997.30,8829.82 8068.90,8746.08 8126.58,8653.00
             8141.69,8628.61 8155.11,8603.47 8168.26,8578.00
             8200.10,8516.29 8226.42,8452.41 8249.69,8387.00
             8289.82,8274.25 8321.54,8146.71 8343.61,8029.00
             8360.37,7939.60 8374.41,7850.16 8386.28,7760.00
             8391.11,7723.34 8395.57,7686.86 8398.09,7650.00
             8398.09,7650.00 8400.00,7621.00 8400.00,7621.00
             8400.00,7621.00 8401.04,7605.00 8401.04,7605.00
             8401.04,7605.00 8401.04,7593.00 8401.04,7593.00
             8401.04,7593.00 8402.00,7581.00 8402.00,7581.00
             8402.00,7581.00 8402.00,7481.00 8402.00,7481.00
             8402.00,7481.00 8401.00,7466.00 8401.00,7466.00
             8401.00,7466.00 8400.00,7436.00 8400.00,7436.00
             8400.00,7436.00 8399.00,7418.00 8399.00,7418.00
             8399.00,7418.00 8398.09,7408.00 8398.09,7408.00
             8398.09,7408.00 8395.17,7369.00 8395.17,7369.00
             8395.17,7369.00 8392.83,7340.00 8392.83,7340.00
             8388.66,7296.90 8383.07,7253.81 8376.42,7211.00
             8351.82,7052.50 8313.72,6895.84 8262.00,6744.00
             8210.33,6592.29 8148.01,6442.07 8069.86,6302.00
             8027.28,6225.67 7975.34,6142.28 7919.75,6075.00
             7884.51,6032.35 7846.97,5993.89 7801.00,5962.66
             7801.00,5962.66 7774.00,5945.78 7774.00,5945.78
             7760.60,5938.66 7747.66,5932.20 7733.00,5928.00
             7727.41,5926.40 7719.63,5923.97 7714.00,5925.97
             7703.38,5929.74 7681.28,5948.72 7673.00,5957.00
             7645.94,5984.05 7624.16,6015.26 7603.00,6047.00
             7577.08,6085.89 7552.69,6126.46 7531.26,6168.00
             7511.66,6205.98 7494.25,6245.06 7476.70,6284.00
             7454.09,6334.12 7433.02,6384.95 7412.60,6436.00
             7376.21,6526.97 7342.15,6618.71 7309.31,6711.00
             7290.79,6763.04 7272.42,6815.24 7256.02,6868.00
             7189.41,7082.33 7133.30,7299.31 7078.87,7517.00
             7049.05,7636.30 7021.16,7756.15 6993.65,7876.00
             6993.65,7876.00 6968.42,7988.00 6968.42,7988.00
             6968.42,7988.00 6960.21,8025.00 6960.21,8025.00
             6959.14,8029.97 6956.86,8041.98 6955.00,8046.00
             6955.00,8046.00 6956.00,8029.00 6956.00,8029.00
             6956.00,8029.00 6956.00,8009.00 6956.00,8009.00
             6956.00,8009.00 6957.00,7994.00 6957.00,7994.00
             6957.00,7994.00 6957.00,7977.00 6957.00,7977.00
             6957.00,7977.00 6957.96,7965.00 6957.96,7965.00
             6957.96,7965.00 6957.96,7949.00 6957.96,7949.00
             6957.96,7949.00 6959.00,7934.00 6959.00,7934.00
             6959.00,7934.00 6960.00,7898.00 6960.00,7898.00
             6960.00,7898.00 6961.00,7883.00 6961.00,7883.00
             6961.00,7883.00 6962.00,7855.00 6962.00,7855.00
             6962.00,7855.00 6963.00,7836.00 6963.00,7836.00
             6963.00,7836.00 6964.00,7821.00 6964.00,7821.00
             6964.00,7821.00 6965.00,7798.00 6965.00,7798.00
             6965.00,7798.00 6966.00,7778.00 6966.00,7778.00
             6966.00,7778.00 6967.00,7765.00 6967.00,7765.00
             6967.00,7765.00 6969.91,7718.00 6969.91,7718.00
             6969.91,7718.00 6973.09,7664.00 6973.09,7664.00
             6973.09,7664.00 6975.91,7629.00 6975.91,7629.00
             6975.91,7629.00 6989.82,7462.00 6989.82,7462.00
             6989.82,7462.00 6989.82,7451.00 6989.82,7451.00
             6989.82,7451.00 6984.49,7442.00 6984.49,7442.00
             6984.49,7442.00 6990.00,7417.00 6990.00,7417.00
             6990.00,7417.00 6994.00,7419.00 6994.00,7419.00 Z
           M 7884.00,6610.00
           C 7884.00,6610.00 7885.00,6610.00 7885.00,6610.00
             7885.00,6610.00 7884.00,6611.00 7884.00,6611.00
             7884.00,6611.00 7884.00,6610.00 7884.00,6610.00 Z
           M 7885.00,6612.00
           C 7888.79,6617.23 7898.26,6642.52 7901.05,6650.00
             7901.05,6650.00 7926.67,6723.00 7926.67,6723.00
             7957.88,6816.63 7982.08,6918.65 7998.41,7016.00
             8008.36,7075.29 8015.97,7135.09 8020.09,7195.00
             8020.09,7195.00 8022.00,7216.00 8022.00,7216.00
             8022.00,7216.00 8022.00,7225.00 8022.00,7225.00
             8022.00,7225.00 8023.00,7237.00 8023.00,7237.00
             8023.00,7237.00 8024.00,7262.00 8024.00,7262.00
             8024.00,7262.00 8025.00,7279.00 8025.00,7279.00
             8025.00,7279.00 8025.00,7302.00 8025.00,7302.00
             8025.00,7302.00 8026.00,7319.00 8026.00,7319.00
             8026.00,7319.00 8026.00,7359.00 8026.00,7359.00
             8026.00,7359.00 8025.00,7376.00 8025.00,7376.00
             8025.00,7376.00 8025.00,7397.00 8025.00,7397.00
             8025.00,7397.00 8024.04,7409.00 8024.04,7409.00
             8024.04,7409.00 8024.04,7422.00 8024.04,7422.00
             8024.04,7422.00 8023.00,7437.00 8023.00,7437.00
             8023.00,7437.00 8022.00,7450.00 8022.00,7450.00
             8022.00,7450.00 8022.00,7459.00 8022.00,7459.00
             8022.00,7459.00 8020.09,7480.00 8020.09,7480.00
             8020.09,7480.00 8012.72,7555.00 8012.72,7555.00
             8008.29,7590.49 8002.01,7625.93 7995.00,7661.00
             7966.38,7804.15 7919.55,7943.39 7854.25,8074.00
             7818.76,8144.96 7778.78,8213.35 7732.71,8278.00
             7732.71,8278.00 7690.40,8334.00 7690.40,8334.00
             7682.96,8343.30 7669.22,8360.22 7661.00,8368.00
             7661.00,8368.00 7669.58,8348.00 7669.58,8348.00
             7669.58,8348.00 7689.40,8302.00 7689.40,8302.00
             7710.41,8250.36 7730.62,8198.53 7749.31,8146.00
             7808.71,7979.06 7862.40,7779.06 7889.58,7604.00
             7889.58,7604.00 7905.84,7486.00 7905.84,7486.00
             7905.84,7486.00 7913.17,7410.00 7913.17,7410.00
             7913.17,7410.00 7917.09,7357.00 7917.09,7357.00
             7917.09,7357.00 7919.00,7326.00 7919.00,7326.00
             7919.00,7326.00 7920.00,7313.00 7920.00,7313.00
             7920.00,7313.00 7921.00,7284.00 7921.00,7284.00
             7921.00,7284.00 7922.00,7268.00 7922.00,7268.00
             7922.00,7268.00 7922.00,7253.00 7922.00,7253.00
             7922.00,7253.00 7923.00,7240.00 7923.00,7240.00
             7923.00,7240.00 7923.00,7212.00 7923.00,7212.00
             7923.00,7212.00 7924.00,7195.00 7924.00,7195.00
             7924.00,7195.00 7924.00,7095.00 7924.00,7095.00
             7924.00,7095.00 7923.00,7080.00 7923.00,7080.00
             7923.00,7080.00 7923.00,7053.00 7923.00,7053.00
             7923.00,7053.00 7922.00,7038.00 7922.00,7038.00
             7922.00,7038.00 7922.00,7022.00 7922.00,7022.00
             7922.00,7022.00 7921.00,7005.00 7921.00,7005.00
             7921.00,7005.00 7920.00,6975.00 7920.00,6975.00
             7920.00,6975.00 7919.00,6959.00 7919.00,6959.00
             7919.00,6959.00 7918.00,6936.00 7918.00,6936.00
             7918.00,6936.00 7916.09,6910.00 7916.09,6910.00
             7916.09,6910.00 7914.91,6887.00 7914.91,6887.00
             7914.91,6887.00 7913.09,6867.00 7913.09,6867.00
             7913.09,6867.00 7899.84,6725.00 7899.84,6725.00
             7899.84,6725.00 7890.73,6653.00 7890.73,6653.00
             7890.73,6653.00 7885.00,6612.00 7885.00,6612.00 Z
           M 6979.00,7458.00
           C 6979.00,7458.00 6980.00,7458.00 6980.00,7458.00
             6980.00,7458.00 6979.00,7459.00 6979.00,7459.00
             6979.00,7459.00 6979.00,7458.00 6979.00,7458.00 Z
           M 1973.00,8008.00
           C 1973.00,8008.00 1985.00,8009.00 1985.00,8009.00
             1985.00,8009.00 2016.00,8010.00 2016.00,8010.00
             2016.00,8010.00 2033.00,8011.00 2033.00,8011.00
             2033.00,8011.00 2063.00,8012.00 2063.00,8012.00
             2063.00,8012.00 2078.00,8013.04 2078.00,8013.04
             2078.00,8013.04 2090.00,8013.04 2090.00,8013.04
             2090.00,8013.04 2102.00,8014.00 2102.00,8014.00
             2102.00,8014.00 2155.00,8016.00 2155.00,8016.00
             2155.00,8016.00 2175.28,8086.00 2175.28,8086.00
             2192.63,8143.58 2213.73,8200.31 2236.40,8256.00
             2267.69,8332.89 2302.69,8408.25 2340.74,8482.00
             2340.74,8482.00 2374.31,8548.00 2374.31,8548.00
             2374.31,8548.00 2401.05,8593.00 2401.05,8593.00
             2433.27,8643.77 2484.24,8707.66 2524.15,8753.00
             2591.05,8828.98 2661.86,8901.01 2735.00,8970.96
             2735.00,8970.96 2807.00,9037.96 2807.00,9037.96
             2807.00,9037.96 2827.00,9056.00 2827.00,9056.00
             2828.67,9057.59 2833.03,9061.36 2833.94,9063.17
             2835.37,9066.00 2833.13,9080.82 2833.01,9085.00
             2833.01,9085.00 2831.09,9109.00 2831.09,9109.00
             2831.09,9109.00 2829.91,9134.00 2829.91,9134.00
             2829.91,9134.00 2829.00,9148.00 2829.00,9148.00
             2829.00,9148.00 2787.00,9130.00 2787.00,9130.00
             2787.00,9130.00 2783.15,9160.00 2783.15,9160.00
             2783.15,9160.00 2775.17,9229.00 2775.17,9229.00
             2775.17,9229.00 2772.83,9259.00 2772.83,9259.00
             2772.83,9259.00 2767.17,9313.00 2767.17,9313.00
             2767.17,9313.00 2765.83,9331.00 2765.83,9331.00
             2765.83,9331.00 2761.83,9375.00 2761.83,9375.00
             2761.83,9375.00 2758.37,9410.00 2758.37,9410.00
             2758.37,9410.00 2758.96,9420.00 2758.96,9420.00
             2758.96,9420.00 2757.96,9432.00 2757.96,9432.00
             2757.96,9432.00 2757.96,9445.00 2757.96,9445.00
             2757.96,9445.00 2757.00,9457.00 2757.00,9457.00
             2757.00,9457.00 2757.00,9472.00 2757.00,9472.00
             2757.00,9472.00 2756.00,9486.00 2756.00,9486.00
             2756.00,9486.00 2756.00,9618.00 2756.00,9618.00
             2756.00,9618.00 2757.00,9633.00 2757.00,9633.00
             2757.00,9633.00 2757.00,9649.00 2757.00,9649.00
             2757.00,9649.00 2758.00,9664.00 2758.00,9664.00
             2758.00,9664.00 2760.00,9710.00 2760.00,9710.00
             2760.00,9710.00 2760.91,9720.00 2760.91,9720.00
             2760.91,9720.00 2762.91,9750.00 2762.91,9750.00
             2762.91,9750.00 2770.83,9839.00 2770.83,9839.00
             2770.83,9839.00 2783.73,9942.00 2783.73,9942.00
             2783.73,9942.00 2793.00,10000.00 2793.00,10000.00
             2793.00,10000.00 2639.00,10000.00 2639.00,10000.00
             2639.00,10000.00 2634.28,9968.00 2634.28,9968.00
             2634.28,9968.00 2623.16,9882.00 2623.16,9882.00
             2623.16,9882.00 2612.91,9770.00 2612.91,9770.00
             2612.91,9770.00 2610.91,9741.00 2610.91,9741.00
             2610.91,9741.00 2610.00,9729.00 2610.00,9729.00
             2610.00,9729.00 2609.00,9708.00 2609.00,9708.00
             2609.00,9708.00 2608.00,9694.00 2608.00,9694.00
             2608.00,9694.00 2607.00,9661.00 2607.00,9661.00
             2607.00,9661.00 2606.00,9644.00 2606.00,9644.00
             2606.00,9644.00 2606.00,9622.00 2606.00,9622.00
             2606.00,9622.00 2605.00,9606.00 2605.00,9606.00
             2605.00,9606.00 2605.00,9504.00 2605.00,9504.00
             2605.00,9504.00 2606.00,9489.00 2606.00,9489.00
             2606.00,9489.00 2606.00,9467.00 2606.00,9467.00
             2606.00,9467.00 2607.00,9451.00 2607.00,9451.00
             2607.00,9451.00 2608.00,9422.00 2608.00,9422.00
             2608.02,9412.32 2609.21,9415.45 2609.94,9409.96
             2609.94,9409.96 2609.94,9397.00 2609.94,9397.00
             2609.94,9397.00 2610.91,9387.00 2610.91,9387.00
             2610.91,9387.00 2615.00,9344.00 2615.00,9344.00
             2615.00,9344.00 2615.00,9335.00 2615.00,9335.00
             2615.00,9335.00 2617.04,9319.00 2617.04,9319.00
             2617.04,9319.00 2617.04,9310.00 2617.04,9310.00
             2617.04,9310.00 2620.91,9273.00 2620.91,9273.00
             2620.91,9273.00 2622.17,9252.00 2622.17,9252.00
             2622.17,9252.00 2625.09,9222.00 2625.09,9222.00
             2625.09,9222.00 2626.00,9212.00 2626.00,9212.00
             2626.20,9194.24 2629.40,9176.60 2631.72,9159.00
             2631.72,9159.00 2640.75,9096.00 2640.75,9096.00
             2640.75,9096.00 2645.92,9064.00 2645.92,9064.00
             2646.42,9060.99 2648.19,9053.79 2646.89,9051.21
             2645.71,9048.87 2639.42,9045.27 2637.00,9043.67
             2637.00,9043.67 2613.00,9027.34 2613.00,9027.34
             2585.74,9008.80 2558.84,8989.49 2533.00,8969.00
             2448.19,8901.74 2374.42,8834.71 2305.25,8751.00
             2278.75,8718.93 2252.13,8681.10 2231.43,8645.00
             2231.43,8645.00 2187.22,8560.00 2187.22,8560.00
             2187.22,8560.00 2150.74,8487.00 2150.74,8487.00
             2110.21,8403.26 2072.92,8318.42 2040.95,8231.00
             2023.00,8181.92 2006.73,8132.23 1992.29,8082.00
             1992.29,8082.00 1978.63,8032.00 1978.63,8032.00
             1976.69,8024.37 1973.65,8015.75 1973.00,8008.00 Z
           M 2619.00,8036.00
           C 2619.00,8036.00 2657.00,8038.00 2657.00,8038.00
             2657.00,8038.00 2672.00,8039.04 2672.00,8039.04
             2672.00,8039.04 2686.00,8039.04 2686.00,8039.04
             2686.00,8039.04 2700.00,8040.00 2700.00,8040.00
             2700.00,8040.00 2727.95,8122.00 2727.95,8122.00
             2748.36,8177.82 2770.67,8232.71 2794.86,8287.00
             2794.86,8287.00 2810.25,8320.00 2810.25,8320.00
             2810.25,8320.00 2823.00,8346.00 2823.00,8346.00
             2816.38,8341.15 2802.47,8324.08 2796.59,8317.00
             2796.59,8317.00 2751.58,8259.00 2751.58,8259.00
             2715.32,8208.79 2682.21,8156.45 2652.69,8102.00
             2652.69,8102.00 2629.75,8058.00 2629.75,8058.00
             2629.75,8058.00 2619.00,8036.00 2619.00,8036.00 Z
           M 2719.00,8040.00
           C 2719.00,8040.00 2720.00,8040.00 2720.00,8040.00
             2720.00,8040.00 2719.00,8041.00 2719.00,8041.00
             2719.00,8041.00 2719.00,8040.00 2719.00,8040.00 Z
           M 41.00,10000.00
           C 41.00,10000.00 38.96,9968.00 38.96,9968.00
             38.96,9968.00 38.96,9952.00 38.96,9952.00
             38.96,9952.00 38.00,9941.00 38.00,9941.00
             38.00,9941.00 38.00,9920.00 38.00,9920.00
             38.00,9920.00 39.00,9904.00 39.00,9904.00
             39.00,9904.00 39.00,9891.00 39.00,9891.00
             39.00,9891.00 40.00,9873.00 40.00,9873.00
             40.00,9873.00 40.91,9863.00 40.91,9863.00
             43.05,9831.82 47.02,9800.79 52.58,9770.00
             69.83,9674.34 102.66,9581.02 149.86,9496.00
             186.71,9429.62 231.98,9368.33 284.99,9314.00
             284.99,9314.00 295.01,9303.04 295.01,9303.04
             295.01,9303.04 304.00,9294.96 304.00,9294.96
             304.00,9294.96 328.00,9272.17 328.00,9272.17
             450.68,9161.27 607.87,9089.68 770.00,9060.42
             808.75,9053.43 847.77,9048.60 887.00,9045.91
             887.00,9045.91 913.00,9043.96 913.00,9043.96
             913.00,9043.96 925.00,9043.96 925.00,9043.96
             925.00,9043.96 937.00,9043.00 937.00,9043.00
             937.00,9043.00 966.00,9043.00 966.00,9043.00
             966.00,9043.00 983.00,9042.00 983.00,9042.00
             983.00,9042.00 998.00,9042.00 998.00,9042.00
             998.00,9042.00 1011.00,9043.00 1011.00,9043.00
             1011.00,9043.00 1042.00,9043.00 1042.00,9043.00
             1042.00,9043.00 1057.00,9044.00 1057.00,9044.00
             1057.00,9044.00 1085.00,9045.00 1085.00,9045.00
             1085.00,9045.00 1110.00,9046.91 1110.00,9046.91
             1110.00,9046.91 1165.00,9051.84 1165.00,9051.84
             1211.34,9056.79 1257.40,9064.10 1303.00,9073.79
             1407.35,9095.97 1510.06,9130.27 1605.00,9179.26
             1758.91,9258.67 1894.65,9374.50 1989.66,9520.00
             2031.46,9584.03 2062.81,9647.26 2089.05,9719.00
             2109.96,9776.17 2124.59,9836.77 2133.27,9897.00
             2137.01,9922.93 2140.70,9954.99 2141.00,9981.00
             2141.00,9981.00 2142.00,9996.00 2142.00,9996.00
             2142.00,9996.00 2142.00,10000.00 2142.00,10000.00
             2142.00,10000.00 2042.00,10000.00 2042.00,10000.00
             2042.00,10000.00 2041.00,9974.00 2041.00,9974.00
             2041.00,9974.00 2040.09,9964.00 2040.09,9964.00
             2040.09,9964.00 2037.16,9930.00 2037.16,9930.00
             2032.92,9890.32 2025.11,9847.45 2014.42,9809.00
             1993.70,9734.47 1968.11,9672.21 1929.57,9605.00
             1842.67,9453.43 1707.66,9333.57 1553.00,9254.26
             1465.55,9209.41 1369.26,9177.86 1273.00,9158.60
             1227.90,9149.58 1182.73,9143.26 1137.00,9138.83
             1137.00,9138.83 1099.00,9135.91 1099.00,9135.91
             1099.00,9135.91 1086.00,9135.00 1086.00,9135.00
             1086.00,9135.00 1072.00,9133.96 1072.00,9133.96
             1072.00,9133.96 1058.00,9133.96 1058.00,9133.96
             1058.00,9133.96 1046.00,9133.00 1046.00,9133.00
             1046.00,9133.00 959.00,9133.00 959.00,9133.00
             959.00,9133.00 944.00,9134.00 944.00,9134.00
             944.00,9134.00 932.00,9134.00 932.00,9134.00
             932.00,9134.00 916.00,9135.00 916.00,9135.00
             916.00,9135.00 905.00,9135.91 905.00,9135.91
             905.00,9135.91 839.00,9142.72 839.00,9142.72
             785.91,9149.71 728.69,9162.74 678.00,9180.00
             594.88,9208.31 517.96,9247.52 448.00,9300.88
             305.86,9409.32 207.40,9561.91 164.13,9735.00
             155.73,9768.60 149.53,9802.64 145.28,9837.00
             145.28,9837.00 142.83,9864.00 142.83,9864.00
             142.83,9864.00 141.00,9893.00 141.00,9893.00
             141.00,9893.00 140.00,9906.00 140.00,9906.00
             140.00,9906.00 140.00,9957.00 140.00,9957.00
             140.00,9957.00 141.00,9970.00 141.00,9970.00
             141.00,9970.00 143.00,10000.00 143.00,10000.00
             143.00,10000.00 41.00,10000.00 41.00,10000.00 Z
           M 7873.00,10000.00
           C 7873.00,10000.00 7873.00,9963.00 7873.00,9963.00
             7873.00,9963.00 7874.00,9947.00 7874.00,9947.00
             7874.00,9947.00 7874.91,9932.00 7874.91,9932.00
             7874.91,9932.00 7881.87,9863.00 7881.87,9863.00
             7892.93,9783.52 7914.25,9710.36 7944.00,9636.00
             7981.98,9541.07 8047.54,9435.84 8116.91,9361.00
             8127.38,9349.70 8137.50,9337.43 8149.00,9327.17
             8149.00,9327.17 8165.00,9315.12 8165.00,9315.12
             8165.00,9315.12 8191.00,9293.72 8191.00,9293.72
             8191.00,9293.72 8238.00,9249.21 8238.00,9249.21
             8298.13,9201.78 8378.52,9157.51 8450.00,9129.81
             8521.56,9102.09 8597.66,9083.00 8674.00,9074.84
             8674.00,9074.84 8718.00,9070.91 8718.00,9070.91
             8718.00,9070.91 8729.00,9070.00 8729.00,9070.00
             8729.00,9070.00 8749.00,9069.00 8749.00,9069.00
             8749.00,9069.00 8769.00,9069.00 8769.00,9069.00
             8769.00,9069.00 8785.00,9068.00 8785.00,9068.00
             8785.00,9068.00 8818.00,9068.00 8818.00,9068.00
             8818.00,9068.00 8833.00,9069.00 8833.00,9069.00
             8833.00,9069.00 8850.00,9069.00 8850.00,9069.00
             8850.00,9069.00 8872.00,9070.00 8872.00,9070.00
             8872.00,9070.00 8882.00,9071.00 8882.00,9071.00
             8882.00,9071.00 8891.00,9071.00 8891.00,9071.00
             8891.00,9071.00 8912.00,9072.91 8912.00,9072.91
             8948.47,9075.46 8984.96,9080.49 9021.00,9086.75
             9192.16,9116.47 9351.50,9182.29 9489.00,9289.42
             9655.86,9419.44 9778.52,9605.57 9829.87,9811.00
             9839.70,9850.29 9846.00,9883.87 9851.28,9924.00
             9851.28,9924.00 9856.09,9973.00 9856.09,9973.00
             9856.09,9973.00 9857.00,9983.00 9857.00,9983.00
             9857.00,9983.00 9858.00,10000.00 9858.00,10000.00
             9858.00,10000.00 9733.00,10000.00 9733.00,10000.00
             9733.00,10000.00 9733.00,9979.00 9733.00,9979.00
             9733.00,9979.00 9732.09,9967.00 9732.09,9967.00
             9732.09,9967.00 9730.17,9939.00 9730.17,9939.00
             9726.31,9899.18 9720.61,9860.05 9711.65,9821.00
             9665.80,9621.22 9555.43,9445.56 9392.00,9320.88
             9273.29,9230.32 9126.36,9170.45 8979.00,9147.58
             8979.00,9147.58 8927.00,9140.16 8927.00,9140.16
             8927.00,9140.16 8864.00,9134.96 8864.00,9134.96
             8864.00,9134.96 8852.00,9134.00 8852.00,9134.00
             8852.00,9134.00 8830.00,9133.00 8830.00,9133.00
             8830.00,9133.00 8750.00,9133.00 8750.00,9133.00
             8750.00,9133.00 8735.00,9134.00 8735.00,9134.00
             8700.78,9134.05 8653.03,9140.44 8619.00,9146.58
             8478.46,9171.92 8356.50,9233.73 8252.00,9331.09
             8252.00,9331.09 8219.91,9364.00 8219.91,9364.00
             8119.26,9472.08 8056.10,9603.48 8024.58,9747.00
             8015.18,9789.77 8006.51,9850.49 8006.00,9894.00
             8006.00,9894.00 8005.00,9909.00 8005.00,9909.00
             8005.00,9909.00 8005.00,9956.00 8005.00,9956.00
             8005.00,9956.00 8006.00,9971.00 8006.00,9971.00
             8006.00,9971.00 8007.00,10000.00 8007.00,10000.00
             8007.00,10000.00 7873.00,10000.00 7873.00,10000.00 Z
           M 7646.00,9195.00
           C 7646.00,9195.00 7647.00,9195.00 7647.00,9195.00
             7647.00,9195.00 7646.00,9196.00 7646.00,9196.00
             7646.00,9196.00 7646.00,9195.00 7646.00,9195.00 Z
           M 2794.00,9198.00
           C 2794.00,9198.00 2795.00,9198.00 2795.00,9198.00
             2795.00,9198.00 2794.00,9199.00 2794.00,9199.00
             2794.00,9199.00 2794.00,9198.00 2794.00,9198.00 Z
           M 7694.00,9200.00
           C 7694.00,9200.00 7695.00,9200.00 7695.00,9200.00
             7695.00,9200.00 7694.00,9201.00 7694.00,9201.00
             7694.00,9201.00 7694.00,9200.00 7694.00,9200.00 Z
           M 338.00,9679.00
           C 349.54,9655.02 378.55,9616.31 395.60,9595.00
             452.59,9523.77 529.08,9459.38 608.00,9413.58
             697.26,9361.77 786.69,9330.84 888.00,9312.58
             888.00,9312.58 960.00,9302.83 960.00,9302.83
             960.00,9302.83 983.00,9300.91 983.00,9300.91
             983.00,9300.91 994.00,9300.00 994.00,9300.00
             994.00,9300.00 1019.00,9299.00 1019.00,9299.00
             1019.00,9299.00 1035.00,9298.00 1035.00,9298.00
             1035.00,9298.00 1087.00,9298.00 1087.00,9298.00
             1087.00,9298.00 1099.00,9298.96 1099.00,9298.96
             1099.00,9298.96 1113.00,9298.96 1113.00,9298.96
             1113.00,9298.96 1139.00,9300.91 1139.00,9300.91
             1172.93,9303.24 1206.49,9307.53 1240.00,9313.58
             1365.95,9336.29 1485.38,9385.66 1588.00,9462.63
             1644.75,9505.19 1693.20,9551.84 1736.65,9608.00
             1750.38,9625.75 1774.54,9659.36 1784.00,9679.00
             1784.00,9679.00 1753.00,9653.42 1753.00,9653.42
             1753.00,9653.42 1693.00,9606.88 1693.00,9606.88
             1632.11,9562.00 1567.21,9521.94 1500.00,9487.26
             1413.09,9442.42 1317.00,9406.40 1221.00,9387.20
             1190.41,9381.08 1160.02,9376.84 1129.00,9373.83
             1129.00,9373.83 1104.00,9372.00 1104.00,9372.00
             1104.00,9372.00 1089.00,9371.00 1089.00,9371.00
             1089.00,9371.00 1033.00,9371.00 1033.00,9371.00
             1033.00,9371.00 1014.00,9372.00 1014.00,9372.00
             1014.00,9372.00 993.00,9373.83 993.00,9373.83
             993.00,9373.83 923.00,9382.92 923.00,9382.92
             831.47,9398.36 745.13,9428.67 661.00,9467.31
             661.00,9467.31 618.00,9488.74 618.00,9488.74
             551.83,9522.89 489.15,9562.27 429.00,9606.15
             429.00,9606.15 369.00,9653.08 369.00,9653.08
             369.00,9653.08 338.00,9679.00 338.00,9679.00 Z
           M 8139.00,9680.00
           C 8148.26,9659.23 8178.93,9617.58 8193.80,9599.00
             8242.22,9538.48 8299.72,9485.65 8364.00,9442.33
             8466.36,9373.35 8572.71,9332.81 8694.00,9311.75
             8720.28,9307.19 8746.50,9304.37 8773.00,9301.83
             8773.00,9301.83 8794.00,9300.00 8794.00,9300.00
             8794.00,9300.00 8811.00,9299.00 8811.00,9299.00
             8811.00,9299.00 8820.00,9299.00 8820.00,9299.00
             8820.00,9299.00 8837.00,9298.00 8837.00,9298.00
             8837.00,9298.00 8888.00,9298.00 8888.00,9298.00
             8888.00,9298.00 8900.00,9298.96 8900.00,9298.96
             8900.00,9298.96 8915.00,9298.96 8915.00,9298.96
             8915.00,9298.96 8926.00,9299.96 8926.00,9299.96
             8959.46,9301.42 8992.92,9305.44 9026.00,9310.92
             9128.80,9327.94 9226.00,9361.12 9316.00,9413.99
             9395.96,9460.96 9469.76,9522.56 9527.80,9595.00
             9542.28,9613.07 9556.12,9631.54 9568.69,9651.00
             9574.54,9660.05 9580.73,9669.08 9585.00,9679.00
             9585.00,9679.00 9552.00,9651.08 9552.00,9651.08
             9552.00,9651.08 9494.00,9605.88 9494.00,9605.88
             9436.59,9563.57 9379.63,9528.56 9317.00,9494.69
             9317.00,9494.69 9271.00,9471.31 9271.00,9471.31
             9174.82,9427.14 9084.25,9394.77 8979.00,9379.27
             8979.00,9379.27 8920.00,9372.91 8920.00,9372.91
             8920.00,9372.91 8910.00,9372.00 8910.00,9372.00
             8910.00,9372.00 8891.00,9371.00 8891.00,9371.00
             8891.00,9371.00 8832.00,9371.00 8832.00,9371.00
             8832.00,9371.00 8821.00,9371.96 8821.00,9371.96
             8784.41,9373.55 8748.02,9378.64 8712.00,9385.39
             8607.58,9404.96 8504.80,9444.30 8411.00,9493.78
             8347.71,9527.17 8286.61,9565.42 8229.00,9607.88
             8229.00,9607.88 8172.00,9652.08 8172.00,9652.08
             8172.00,9652.08 8139.00,9680.00 8139.00,9680.00 Z
           M 7695.00,9413.00
           C 7695.00,9413.00 7696.00,9413.00 7696.00,9413.00
             7696.00,9413.00 7695.00,9414.00 7695.00,9414.00
             7695.00,9414.00 7695.00,9413.00 7695.00,9413.00 Z
           M 4164.00,9680.00
           C 4164.00,9680.00 4165.00,9680.00 4165.00,9680.00
             4165.00,9680.00 4164.00,9681.00 4164.00,9681.00
             4164.00,9681.00 4164.00,9680.00 4164.00,9680.00 Z" />
</svg>
