<?xml version="1.0" encoding="UTF-8" standalone="no"?>
<!DOCTYPE svg PUBLIC "-//W3C//DTD SVG 20010904//EN"
              "http://www.w3.org/TR/2001/REC-SVG-20010904/DTD/svg10.dtd">

<svg xmlns="http://www.w3.org/2000/svg"
     width="8.26772in" height="8.26772in"
     viewBox="0 0 10000 10000">
  <path id="3 Maud Dark Purple"
        fill="none" stroke="black" stroke-width="1"
        d="M 1232.00,2144.00
           C 1232.00,2144.00 1408.00,2144.00 1408.00,2144.00
             1408.00,2144.00 1408.00,2648.00 1408.00,2648.00
             1408.00,2648.00 1912.00,2648.00 1912.00,2648.00
             1912.00,2648.00 1912.00,2824.00 1912.00,2824.00
             1912.00,2824.00 1408.00,2824.00 1408.00,2824.00
             1408.00,2824.00 1408.00,3328.00 1408.00,3328.00
             1408.00,3328.00 1232.00,3328.00 1232.00,3328.00
             1232.00,3328.00 1232.00,2824.00 1232.00,2824.00
             1232.00,2824.00 728.00,2824.00 728.00,2824.00
             728.00,2824.00 728.00,2648.00 728.00,2648.00
             728.00,2648.00 1232.00,2648.00 1232.00,2648.00
             1232.00,2648.00 1232.00,2144.00 1232.00,2144.00 Z
           M 8704.00,2176.00
           C 8704.00,2176.00 8880.00,2176.00 8880.00,2176.00
             8880.00,2176.00 8880.00,2680.00 8880.00,2680.00
             8880.00,2680.00 9384.00,2680.00 9384.00,2680.00
             9384.00,2680.00 9384.00,2856.00 9384.00,2856.00
             9384.00,2856.00 8880.00,2856.00 8880.00,2856.00
             8880.00,2856.00 8880.00,3360.00 8880.00,3360.00
             8880.00,3360.00 8704.00,3360.00 8704.00,3360.00
             8704.00,3360.00 8704.00,2856.00 8704.00,2856.00
             8704.00,2856.00 8200.00,2856.00 8200.00,2856.00
             8200.00,2856.00 8200.00,2680.00 8200.00,2680.00
             8200.00,2680.00 8704.00,2680.00 8704.00,2680.00
             8704.00,2680.00 8704.00,2176.00 8704.00,2176.00 Z
           M 1499.00,7987.00
           C 1499.00,7987.00 1489.88,7950.00 1489.88,7950.00
             1489.88,7950.00 1474.61,7879.00 1474.61,7879.00
             1466.21,7834.19 1458.23,7789.21 1452.28,7744.00
             1452.28,7744.00 1438.17,7618.00 1438.17,7618.00
             1438.17,7618.00 1434.91,7571.00 1434.91,7571.00
             1434.91,7571.00 1433.00,7545.00 1433.00,7545.00
             1433.00,7545.00 1432.00,7520.00 1432.00,7520.00
             1432.00,7520.00 1430.96,7504.00 1430.96,7504.00
             1430.96,7504.00 1430.96,7489.00 1430.96,7489.00
             1430.96,7489.00 1430.00,7477.00 1430.00,7477.00
             1430.00,7477.00 1430.00,7450.00 1430.00,7450.00
             1430.00,7450.00 1429.00,7433.00 1429.00,7433.00
             1429.00,7433.00 1429.00,7384.00 1429.00,7384.00
             1429.00,7384.00 1430.00,7367.00 1430.00,7367.00
             1430.00,7367.00 1430.00,7342.00 1430.00,7342.00
             1430.00,7342.00 1430.96,7330.00 1430.96,7330.00
             1430.96,7330.00 1430.96,7317.00 1430.96,7317.00
             1430.96,7317.00 1432.00,7302.00 1432.00,7302.00
             1432.00,7302.00 1433.00,7276.00 1433.00,7276.00
             1433.00,7276.00 1434.91,7252.00 1434.91,7252.00
             1434.91,7252.00 1439.83,7193.00 1439.83,7193.00
             1445.94,7129.88 1455.15,7067.22 1467.60,7005.00
             1509.86,6793.77 1587.73,6608.82 1695.58,6423.00
             1765.44,6302.62 1858.23,6173.80 1952.91,6072.00
             1979.24,6043.69 2006.05,6015.78 2034.00,5989.04
             2158.44,5870.01 2309.68,5765.77 2474.00,5711.00
             2527.68,5693.11 2583.70,5679.86 2640.00,5673.84
             2640.00,5673.84 2690.00,5670.00 2690.00,5670.00
             2690.00,5670.00 2705.00,5669.00 2705.00,5669.00
             2705.00,5669.00 2800.00,5669.00 2800.00,5669.00
             2800.00,5669.00 2815.00,5670.00 2815.00,5670.00
             2815.00,5670.00 2890.00,5672.00 2890.00,5672.00
             2890.00,5672.00 2903.00,5673.00 2903.00,5673.00
             2903.00,5673.00 2934.00,5674.00 2934.00,5674.00
             2934.00,5674.00 2950.00,5675.00 2950.00,5675.00
             2950.00,5675.00 2971.00,5676.00 2971.00,5676.00
             2971.00,5676.00 2994.00,5677.00 2994.00,5677.00
             2994.00,5677.00 3011.00,5678.00 3011.00,5678.00
             3011.00,5678.00 3026.00,5679.00 3026.00,5679.00
             3026.00,5679.00 3044.00,5680.00 3044.00,5680.00
             3044.00,5680.00 3076.00,5681.91 3076.00,5681.91
             3076.00,5681.91 3118.00,5684.09 3118.00,5684.09
             3118.00,5684.09 3144.00,5686.00 3144.00,5686.00
             3144.00,5686.00 3179.00,5688.00 3179.00,5688.00
             3179.00,5688.00 3203.00,5689.91 3203.00,5689.91
             3203.00,5689.91 3227.00,5691.09 3227.00,5691.09
             3227.00,5691.09 3277.00,5694.91 3277.00,5694.91
             3277.00,5694.91 3450.00,5707.09 3450.00,5707.09
             3450.00,5707.09 3482.00,5709.91 3482.00,5709.91
             3482.00,5709.91 3605.00,5719.09 3605.00,5719.09
             3605.00,5719.09 3636.00,5721.91 3636.00,5721.91
             3636.00,5721.91 3795.00,5734.83 3795.00,5734.83
             3795.00,5734.83 3876.00,5741.17 3876.00,5741.17
             3876.00,5741.17 4056.00,5756.83 4056.00,5756.83
             4056.00,5756.83 4075.00,5758.17 4075.00,5758.17
             4075.00,5758.17 4224.00,5771.17 4224.00,5771.17
             4224.00,5771.17 4563.00,5801.83 4563.00,5801.83
             4563.00,5801.83 4646.00,5809.17 4646.00,5809.17
             4646.00,5809.17 5085.00,5850.17 5085.00,5850.17
             5085.00,5850.17 5482.00,5888.17 5482.00,5888.17
             5482.00,5888.17 5722.00,5911.83 5722.00,5911.83
             5722.00,5911.83 6493.00,5988.17 6493.00,5988.17
             6493.00,5988.17 6842.00,6023.83 6842.00,6023.83
             6842.00,6023.83 7203.00,6060.83 7203.00,6060.83
             7203.00,6060.83 7328.00,6073.83 7328.00,6073.83
             7328.00,6073.83 7385.00,6080.00 7385.00,6080.00
             7385.00,6080.00 7361.26,6128.00 7361.26,6128.00
             7361.26,6128.00 7307.86,6242.00 7307.86,6242.00
             7259.65,6350.37 7215.69,6460.61 7174.95,6572.00
             7174.95,6572.00 7134.66,6685.00 7134.66,6685.00
             7119.41,6728.94 7104.72,6772.99 7092.88,6818.00
             7067.44,6914.82 7047.93,7013.09 7032.58,7112.00
             7032.58,7112.00 7018.28,7208.00 7018.28,7208.00
             7018.28,7208.00 7002.16,7337.00 7002.16,7337.00
             7002.16,7337.00 6995.49,7397.00 6995.49,7397.00
             6995.49,7397.00 6988.91,7421.00 6988.91,7421.00
             6988.91,7421.00 6977.37,7466.00 6977.37,7466.00
             6977.37,7466.00 6936.42,7638.00 6936.42,7638.00
             6912.21,7748.25 6890.25,7859.88 6876.85,7972.00
             6876.85,7972.00 6865.91,8084.00 6865.91,8084.00
             6865.91,8084.00 6864.00,8115.00 6864.00,8115.00
             6864.00,8115.00 6863.00,8131.00 6863.00,8131.00
             6863.00,8131.00 6863.00,8145.00 6863.00,8145.00
             6863.00,8145.00 6862.00,8160.00 6862.00,8160.00
             6862.00,8160.00 6862.00,8202.00 6862.00,8202.00
             6862.00,8202.00 6863.00,8221.00 6863.00,8221.00
             6863.00,8221.00 6848.00,8220.00 6848.00,8220.00
             6848.00,8220.00 6817.00,8219.00 6817.00,8219.00
             6817.00,8219.00 6803.00,8218.00 6803.00,8218.00
             6803.00,8218.00 6771.00,8217.00 6771.00,8217.00
             6771.00,8217.00 6761.00,8216.04 6761.00,8216.04
             6761.00,8216.04 6748.00,8216.04 6748.00,8216.04
             6748.00,8216.04 6733.00,8215.00 6733.00,8215.00
             6733.00,8215.00 6710.00,8214.00 6710.00,8214.00
             6710.00,8214.00 6687.00,8213.00 6687.00,8213.00
             6687.00,8213.00 6656.00,8212.00 6656.00,8212.00
             6656.00,8212.00 6642.00,8211.00 6642.00,8211.00
             6642.00,8211.00 6610.00,8210.00 6610.00,8210.00
             6610.00,8210.00 6595.00,8209.00 6595.00,8209.00
             6595.00,8209.00 6572.00,8208.00 6572.00,8208.00
             6572.00,8208.00 6549.00,8207.00 6549.00,8207.00
             6549.00,8207.00 6518.00,8206.00 6518.00,8206.00
             6518.00,8206.00 6505.00,8205.00 6505.00,8205.00
             6505.00,8205.00 6475.00,8204.00 6475.00,8204.00
             6475.00,8204.00 6459.00,8203.00 6459.00,8203.00
             6459.00,8203.00 6438.00,8202.00 6438.00,8202.00
             6438.00,8202.00 6415.00,8201.00 6415.00,8201.00
             6415.00,8201.00 6392.00,8200.00 6392.00,8200.00
             6392.00,8200.00 6369.00,8199.00 6369.00,8199.00
             6369.00,8199.00 6338.00,8198.00 6338.00,8198.00
             6338.00,8198.00 6324.00,8197.00 6324.00,8197.00
             6324.00,8197.00 6292.00,8196.00 6292.00,8196.00
             6292.00,8196.00 6277.00,8195.00 6277.00,8195.00
             6277.00,8195.00 6254.00,8194.00 6254.00,8194.00
             6254.00,8194.00 6231.00,8193.00 6231.00,8193.00
             6231.00,8193.00 6200.00,8192.00 6200.00,8192.00
             6200.00,8192.00 6185.00,8190.96 6185.00,8190.96
             6185.00,8190.96 6173.00,8190.96 6173.00,8190.96
             6173.00,8190.96 6161.00,8190.00 6161.00,8190.00
             6161.00,8190.00 6139.00,8189.00 6139.00,8189.00
             6139.00,8189.00 6087.00,8187.00 6087.00,8187.00
             6087.00,8187.00 6071.00,8186.00 6071.00,8186.00
             6071.00,8186.00 6019.00,8184.00 6019.00,8184.00
             6019.00,8184.00 6002.00,8183.00 6002.00,8183.00
             6002.00,8183.00 5979.00,8182.00 5979.00,8182.00
             5979.00,8182.00 5927.00,8180.00 5927.00,8180.00
             5927.00,8180.00 5904.00,8179.00 5904.00,8179.00
             5904.00,8179.00 5889.00,8177.96 5889.00,8177.96
             5889.00,8177.96 5876.00,8177.96 5876.00,8177.96
             5876.00,8177.96 5865.00,8176.96 5865.00,8176.96
             5865.00,8176.96 5853.00,8176.96 5853.00,8176.96
             5853.00,8176.96 5841.00,8175.96 5841.00,8175.96
             5841.00,8175.96 5830.00,8175.96 5830.00,8175.96
             5830.00,8175.96 5820.00,8175.00 5820.00,8175.00
             5820.00,8175.00 5789.00,8174.00 5789.00,8174.00
             5789.00,8174.00 5766.00,8173.00 5766.00,8173.00
             5766.00,8173.00 5743.00,8172.00 5743.00,8172.00
             5743.00,8172.00 5726.00,8171.00 5726.00,8171.00
             5726.00,8171.00 5703.00,8170.00 5703.00,8170.00
             5703.00,8170.00 5673.00,8169.00 5673.00,8169.00
             5673.00,8169.00 5659.00,8168.00 5659.00,8168.00
             5659.00,8168.00 5627.00,8167.00 5627.00,8167.00
             5627.00,8167.00 5612.00,8166.00 5612.00,8166.00
             5612.00,8166.00 5589.00,8165.00 5589.00,8165.00
             5589.00,8165.00 5566.00,8164.00 5566.00,8164.00
             5566.00,8164.00 5535.00,8163.00 5535.00,8163.00
             5535.00,8163.00 5521.00,8162.00 5521.00,8162.00
             5521.00,8162.00 5489.00,8161.00 5489.00,8161.00
             5489.00,8161.00 5474.00,8160.00 5474.00,8160.00
             5474.00,8160.00 5444.00,8159.00 5444.00,8159.00
             5444.00,8159.00 5422.00,8158.00 5422.00,8158.00
             5422.00,8158.00 5405.00,8157.00 5405.00,8157.00
             5405.00,8157.00 5353.00,8155.00 5353.00,8155.00
             5353.00,8155.00 5336.00,8154.00 5336.00,8154.00
             5336.00,8154.00 5313.00,8153.00 5313.00,8153.00
             5313.00,8153.00 5282.00,8152.00 5282.00,8152.00
             5282.00,8152.00 5267.00,8151.00 5267.00,8151.00
             5267.00,8151.00 5244.00,8150.00 5244.00,8150.00
             5244.00,8150.00 5222.00,8149.00 5222.00,8149.00
             5222.00,8149.00 5191.00,8148.00 5191.00,8148.00
             5191.00,8148.00 5176.00,8147.00 5176.00,8147.00
             5176.00,8147.00 5124.00,8145.00 5124.00,8145.00
             5124.00,8145.00 5108.00,8144.00 5108.00,8144.00
             5108.00,8144.00 5053.00,8142.00 5053.00,8142.00
             5053.00,8142.00 5039.00,8141.00 5039.00,8141.00
             5039.00,8141.00 5007.00,8140.00 5007.00,8140.00
             5007.00,8140.00 4992.00,8139.00 4992.00,8139.00
             4992.00,8139.00 4969.00,8138.00 4969.00,8138.00
             4969.00,8138.00 4946.00,8137.00 4946.00,8137.00
             4946.00,8137.00 4915.00,8136.00 4915.00,8136.00
             4915.00,8136.00 4900.00,8135.00 4900.00,8135.00
             4900.00,8135.00 4848.00,8133.00 4848.00,8133.00
             4848.00,8133.00 4832.00,8132.00 4832.00,8132.00
             4832.00,8132.00 4778.00,8130.00 4778.00,8130.00
             4778.00,8130.00 4764.00,8129.00 4764.00,8129.00
             4764.00,8129.00 4732.00,8128.00 4732.00,8128.00
             4732.00,8128.00 4717.00,8127.00 4717.00,8127.00
             4717.00,8127.00 4694.00,8126.00 4694.00,8126.00
             4694.00,8126.00 4640.00,8124.00 4640.00,8124.00
             4640.00,8124.00 4626.00,8123.00 4626.00,8123.00
             4626.00,8123.00 4594.00,8122.00 4594.00,8122.00
             4594.00,8122.00 4580.00,8121.00 4580.00,8121.00
             4580.00,8121.00 4548.00,8120.00 4548.00,8120.00
             4548.00,8120.00 4533.00,8119.00 4533.00,8119.00
             4533.00,8119.00 4510.00,8118.00 4510.00,8118.00
             4510.00,8118.00 4487.00,8117.00 4487.00,8117.00
             4487.00,8117.00 4456.00,8116.00 4456.00,8116.00
             4456.00,8116.00 4446.00,8115.04 4446.00,8115.04
             4446.00,8115.04 4433.00,8115.04 4433.00,8115.04
             4433.00,8115.04 4418.00,8114.00 4418.00,8114.00
             4418.00,8114.00 4395.00,8113.00 4395.00,8113.00
             4395.00,8113.00 4372.00,8112.00 4372.00,8112.00
             4372.00,8112.00 4342.00,8111.00 4342.00,8111.00
             4342.00,8111.00 4328.00,8110.00 4328.00,8110.00
             4328.00,8110.00 4296.00,8109.00 4296.00,8109.00
             4296.00,8109.00 4279.00,8108.00 4279.00,8108.00
             4279.00,8108.00 4258.00,8107.00 4258.00,8107.00
             4258.00,8107.00 4235.00,8106.00 4235.00,8106.00
             4235.00,8106.00 4212.00,8105.00 4212.00,8105.00
             4212.00,8105.00 4181.00,8104.00 4181.00,8104.00
             4181.00,8104.00 4167.00,8103.00 4167.00,8103.00
             4167.00,8103.00 4135.00,8102.00 4135.00,8102.00
             4135.00,8102.00 4120.00,8101.00 4120.00,8101.00
             4120.00,8101.00 4097.00,8100.00 4097.00,8100.00
             4097.00,8100.00 4074.00,8099.00 4074.00,8099.00
             4074.00,8099.00 4043.00,8098.00 4043.00,8098.00
             4043.00,8098.00 4028.00,8097.00 4028.00,8097.00
             4028.00,8097.00 3976.00,8095.00 3976.00,8095.00
             3976.00,8095.00 3960.00,8094.00 3960.00,8094.00
             3960.00,8094.00 3904.00,8092.00 3904.00,8092.00
             3904.00,8092.00 3890.00,8091.00 3890.00,8091.00
             3890.00,8091.00 3860.00,8090.00 3860.00,8090.00
             3860.00,8090.00 3845.00,8089.00 3845.00,8089.00
             3845.00,8089.00 3822.00,8088.00 3822.00,8088.00
             3822.00,8088.00 3765.00,8086.00 3765.00,8086.00
             3765.00,8086.00 3755.00,8085.04 3755.00,8085.04
             3755.00,8085.04 3742.00,8085.04 3742.00,8085.04
             3742.00,8085.04 3728.00,8084.00 3728.00,8084.00
             3728.00,8084.00 3675.00,8082.00 3675.00,8082.00
             3675.00,8082.00 3660.00,8081.00 3660.00,8081.00
             3660.00,8081.00 3629.00,8080.00 3629.00,8080.00
             3629.00,8080.00 3612.00,8079.00 3612.00,8079.00
             3612.00,8079.00 3582.00,8078.00 3582.00,8078.00
             3582.00,8078.00 3566.00,8077.00 3566.00,8077.00
             3566.00,8077.00 3543.00,8076.00 3543.00,8076.00
             3543.00,8076.00 3490.00,8074.00 3490.00,8074.00
             3490.00,8074.00 3474.00,8073.00 3474.00,8073.00
             3474.00,8073.00 3451.00,8072.00 3451.00,8072.00
             3451.00,8072.00 3401.00,8070.00 3401.00,8070.00
             3401.00,8070.00 3387.00,8069.00 3387.00,8069.00
             3387.00,8069.00 3355.00,8068.00 3355.00,8068.00
             3355.00,8068.00 3340.00,8067.00 3340.00,8067.00
             3340.00,8067.00 3317.00,8066.00 3317.00,8066.00
             3317.00,8066.00 3294.00,8065.00 3294.00,8065.00
             3294.00,8065.00 3263.00,8064.00 3263.00,8064.00
             3263.00,8064.00 3249.00,8063.00 3249.00,8063.00
             3249.00,8063.00 3217.00,8062.00 3217.00,8062.00
             3217.00,8062.00 3203.00,8061.00 3203.00,8061.00
             3203.00,8061.00 3171.00,8060.00 3171.00,8060.00
             3171.00,8060.00 3156.00,8059.00 3156.00,8059.00
             3156.00,8059.00 3133.00,8058.00 3133.00,8058.00
             3133.00,8058.00 3110.00,8057.00 3110.00,8057.00
             3110.00,8057.00 3079.00,8056.00 3079.00,8056.00
             3079.00,8056.00 3069.00,8055.04 3069.00,8055.04
             3069.00,8055.04 3056.00,8055.04 3056.00,8055.04
             3056.00,8055.04 3042.00,8054.00 3042.00,8054.00
             3042.00,8054.00 2990.00,8052.00 2990.00,8052.00
             2990.00,8052.00 2967.00,8051.00 2967.00,8051.00
             2967.00,8051.00 2952.00,8049.96 2952.00,8049.96
             2952.00,8049.96 2939.00,8049.96 2939.00,8049.96
             2939.00,8049.96 2928.00,8048.96 2928.00,8048.96
             2928.00,8048.96 2916.00,8048.96 2916.00,8048.96
             2916.00,8048.96 2904.00,8047.96 2904.00,8047.96
             2904.00,8047.96 2892.00,8047.96 2892.00,8047.96
             2892.00,8047.96 2881.00,8047.00 2881.00,8047.00
             2881.00,8047.00 2851.00,8046.00 2851.00,8046.00
             2851.00,8046.00 2835.00,8045.00 2835.00,8045.00
             2835.00,8045.00 2812.00,8044.00 2812.00,8044.00
             2812.00,8044.00 2759.00,8042.00 2759.00,8042.00
             2759.00,8042.00 2743.00,8041.00 2743.00,8041.00
             2743.00,8041.00 2720.00,8039.96 2720.00,8039.96
             2720.00,8039.96 2709.00,8039.96 2709.00,8039.96
             2709.00,8039.96 2699.00,8039.00 2699.00,8039.00
             2699.00,8039.00 2686.00,8039.00 2686.00,8039.00
             2686.00,8039.00 2672.00,8038.00 2672.00,8038.00
             2672.00,8038.00 2641.00,8037.00 2641.00,8037.00
             2641.00,8037.00 2631.00,8036.04 2631.00,8036.04
             2631.00,8036.04 2620.00,8036.04 2620.00,8036.04
             2620.00,8036.04 2605.00,8035.00 2605.00,8035.00
             2605.00,8035.00 2582.00,8034.00 2582.00,8034.00
             2582.00,8034.00 2559.00,8033.00 2559.00,8033.00
             2559.00,8033.00 2529.00,8032.00 2529.00,8032.00
             2529.00,8032.00 2514.00,8031.00 2514.00,8031.00
             2514.00,8031.00 2462.00,8029.00 2462.00,8029.00
             2462.00,8029.00 2445.00,8028.00 2445.00,8028.00
             2445.00,8028.00 2422.00,8027.00 2422.00,8027.00
             2422.00,8027.00 2399.00,8026.00 2399.00,8026.00
             2399.00,8026.00 2376.00,8025.00 2376.00,8025.00
             2376.00,8025.00 2353.00,8024.00 2353.00,8024.00
             2353.00,8024.00 2322.00,8023.00 2322.00,8023.00
             2322.00,8023.00 2307.00,8022.00 2307.00,8022.00
             2307.00,8022.00 2284.00,8021.00 2284.00,8021.00
             2284.00,8021.00 2230.00,8019.00 2230.00,8019.00
             2230.00,8019.00 2215.00,8018.00 2215.00,8018.00
             2215.00,8018.00 2161.00,8016.00 2161.00,8016.00
             2161.00,8016.00 2144.00,8015.00 2144.00,8015.00
             2144.00,8015.00 2121.00,8014.00 2121.00,8014.00
             2121.00,8014.00 2098.00,8013.00 2098.00,8013.00
             2098.00,8013.00 2067.00,8012.00 2067.00,8012.00
             2067.00,8012.00 2053.00,8011.00 2053.00,8011.00
             2053.00,8011.00 2021.00,8010.00 2021.00,8010.00
             2021.00,8010.00 2011.00,8009.04 2011.00,8009.04
             2011.00,8009.04 1998.00,8009.04 1998.00,8009.04
             1998.00,8009.04 1983.00,8008.00 1983.00,8008.00
             1983.00,8008.00 1948.00,8007.00 1948.00,8007.00
             1948.00,8007.00 1925.00,8006.00 1925.00,8006.00
             1925.00,8006.00 1913.00,8005.04 1913.00,8005.04
             1913.00,8005.04 1901.00,8005.04 1901.00,8005.04
             1901.00,8005.04 1885.00,8004.00 1885.00,8004.00
             1885.00,8004.00 1862.00,8003.00 1862.00,8003.00
             1862.00,8003.00 1831.00,8002.00 1831.00,8002.00
             1831.00,8002.00 1817.00,8001.00 1817.00,8001.00
             1817.00,8001.00 1786.00,8000.00 1786.00,8000.00
             1786.00,8000.00 1776.00,7999.04 1776.00,7999.04
             1776.00,7999.04 1763.00,7999.04 1763.00,7999.04
             1763.00,7999.04 1748.00,7998.00 1748.00,7998.00
             1748.00,7998.00 1725.00,7997.00 1725.00,7997.00
             1725.00,7997.00 1702.00,7996.00 1702.00,7996.00
             1702.00,7996.00 1671.00,7995.00 1671.00,7995.00
             1671.00,7995.00 1656.00,7994.00 1656.00,7994.00
             1656.00,7994.00 1633.00,7993.00 1633.00,7993.00
             1633.00,7993.00 1610.00,7992.00 1610.00,7992.00
             1610.00,7992.00 1579.00,7991.00 1579.00,7991.00
             1579.00,7991.00 1569.00,7990.04 1569.00,7990.04
             1569.00,7990.04 1556.00,7990.04 1556.00,7990.04
             1556.00,7990.04 1541.00,7988.96 1541.00,7988.96
             1541.00,7988.96 1530.00,7988.96 1530.00,7988.96
             1530.00,7988.96 1519.00,7988.00 1519.00,7988.00
             1519.00,7988.00 1499.00,7987.00 1499.00,7987.00 Z" />
</svg>
