<?xml version="1.0" encoding="UTF-8" standalone="no"?>
<!DOCTYPE svg PUBLIC "-//W3C//DTD SVG 20010904//EN"
              "http://www.w3.org/TR/2001/REC-SVG-20010904/DTD/svg10.dtd">

<svg xmlns="http://www.w3.org/2000/svg"
     width="8.26772in" height="8.26772in"
     viewBox="0 0 10000 10000">
  <path id="4 Maud Light Purple"
        fill="none" stroke="black" stroke-width="1"
        d="M 1232.00,2144.00
           C 1232.00,2144.00 1408.00,2144.00 1408.00,2144.00
             1408.00,2144.00 1408.00,2648.00 1408.00,2648.00
             1408.00,2648.00 1912.00,2648.00 1912.00,2648.00
             1912.00,2648.00 1912.00,2824.00 1912.00,2824.00
             1912.00,2824.00 1408.00,2824.00 1408.00,2824.00
             1408.00,2824.00 1408.00,3328.00 1408.00,3328.00
             1408.00,3328.00 1232.00,3328.00 1232.00,3328.00
             1232.00,3328.00 1232.00,2824.00 1232.00,2824.00
             1232.00,2824.00 728.00,2824.00 728.00,2824.00
             728.00,2824.00 728.00,2648.00 728.00,2648.00
             728.00,2648.00 1232.00,2648.00 1232.00,2648.00
             1232.00,2648.00 1232.00,2144.00 1232.00,2144.00 Z
           M 8704.00,2176.00
           C 8704.00,2176.00 8880.00,2176.00 8880.00,2176.00
             8880.00,2176.00 8880.00,2680.00 8880.00,2680.00
             8880.00,2680.00 9384.00,2680.00 9384.00,2680.00
             9384.00,2680.00 9384.00,2856.00 9384.00,2856.00
             9384.00,2856.00 8880.00,2856.00 8880.00,2856.00
             8880.00,2856.00 8880.00,3360.00 8880.00,3360.00
             8880.00,3360.00 8704.00,3360.00 8704.00,3360.00
             8704.00,3360.00 8704.00,2856.00 8704.00,2856.00
             8704.00,2856.00 8200.00,2856.00 8200.00,2856.00
             8200.00,2856.00 8200.00,2680.00 8200.00,2680.00
             8200.00,2680.00 8704.00,2680.00 8704.00,2680.00
             8704.00,2680.00 8704.00,2176.00 8704.00,2176.00 Z
           M 1651.00,7820.00
           C 1651.00,7820.00 1638.80,7764.00 1638.80,7764.00
             1629.88,7717.78 1622.18,7670.81 1617.16,7624.00
             1617.16,7624.00 1608.91,7535.00 1608.91,7535.00
             1608.91,7535.00 1606.00,7488.00 1606.00,7488.00
             1606.00,7488.00 1605.04,7478.00 1605.04,7478.00
             1605.04,7478.00 1605.04,7465.00 1605.04,7465.00
             1605.04,7465.00 1604.00,7450.00 1604.00,7450.00
             1604.00,7450.00 1604.00,7430.00 1604.00,7430.00
             1604.00,7430.00 1603.00,7414.00 1603.00,7414.00
             1603.00,7414.00 1603.00,7349.00 1603.00,7349.00
             1603.00,7349.00 1604.00,7334.00 1604.00,7334.00
             1604.00,7334.00 1604.00,7316.00 1604.00,7316.00
             1604.00,7316.00 1605.00,7293.00 1605.00,7293.00
             1605.00,7293.00 1606.00,7273.00 1606.00,7273.00
             1606.00,7273.00 1607.00,7263.00 1607.00,7263.00
             1607.00,7263.00 1607.00,7254.00 1607.00,7254.00
             1607.00,7254.00 1608.91,7233.00 1608.91,7233.00
             1608.91,7233.00 1616.72,7153.00 1616.72,7153.00
             1629.24,7051.51 1648.64,6956.75 1679.02,6859.00
             1707.14,6768.54 1745.37,6682.05 1788.74,6598.00
             1845.79,6487.44 1915.70,6380.23 1994.58,6284.00
             2124.88,6125.02 2285.91,5985.61 2477.00,5905.42
             2556.93,5871.88 2641.68,5849.19 2728.00,5840.83
             2728.00,5840.83 2775.00,5836.91 2775.00,5836.91
             2775.00,5836.91 2802.00,5835.00 2802.00,5835.00
             2802.00,5835.00 2812.00,5834.00 2812.00,5834.00
             2812.00,5834.00 2822.00,5834.00 2822.00,5834.00
             2822.00,5834.00 2838.00,5833.00 2838.00,5833.00
             2838.00,5833.00 2848.00,5832.04 2848.00,5832.04
             2848.00,5832.04 2862.00,5832.04 2862.00,5832.04
             2862.00,5832.04 2875.00,5831.00 2875.00,5831.00
             2875.00,5831.00 2888.00,5831.00 2888.00,5831.00
             2888.00,5831.00 2903.00,5830.00 2903.00,5830.00
             2903.00,5830.00 2920.00,5830.00 2920.00,5830.00
             2920.00,5830.00 2936.00,5829.00 2936.00,5829.00
             2936.00,5829.00 2969.00,5829.00 2969.00,5829.00
             2969.00,5829.00 2986.00,5828.00 2986.00,5828.00
             2986.00,5828.00 3140.00,5828.00 3140.00,5828.00
             3140.00,5828.00 3155.00,5829.00 3155.00,5829.00
             3155.00,5829.00 3198.00,5829.00 3198.00,5829.00
             3198.00,5829.00 3214.00,5830.00 3214.00,5830.00
             3214.00,5830.00 3240.00,5830.00 3240.00,5830.00
             3240.00,5830.00 3254.00,5831.00 3254.00,5831.00
             3250.19,5837.52 3241.68,5845.93 3236.42,5852.00
             3236.42,5852.00 3199.13,5895.00 3199.13,5895.00
             3199.13,5895.00 3094.42,6020.00 3094.42,6020.00
             2994.11,6142.40 2899.11,6269.77 2810.67,6401.00
             2711.59,6548.01 2609.93,6723.41 2549.05,6890.00
             2523.34,6960.35 2500.22,7050.50 2483.35,7124.00
             2459.07,7229.80 2437.85,7336.17 2418.58,7443.00
             2418.58,7443.00 2388.92,7616.00 2388.92,7616.00
             2388.92,7616.00 2367.27,7751.00 2367.27,7751.00
             2367.27,7751.00 2355.87,7827.00 2355.87,7827.00
             2355.87,7827.00 2353.41,7844.00 2353.41,7844.00
             2353.10,7845.85 2352.81,7848.76 2351.26,7850.01
             2349.71,7851.26 2345.95,7851.00 2344.00,7851.00
             2344.00,7851.00 2315.00,7850.00 2315.00,7850.00
             2315.00,7850.00 2305.00,7849.04 2305.00,7849.04
             2305.00,7849.04 2294.00,7849.04 2294.00,7849.04
             2294.00,7849.04 2272.00,7848.00 2272.00,7848.00
             2272.00,7848.00 2255.00,7847.00 2255.00,7847.00
             2255.00,7847.00 2205.00,7845.00 2205.00,7845.00
             2205.00,7845.00 2189.00,7844.00 2189.00,7844.00
             2189.00,7844.00 2166.00,7843.00 2166.00,7843.00
             2166.00,7843.00 2159.00,7843.00 2159.00,7843.00
             2159.00,7843.00 2144.00,7842.00 2144.00,7842.00
             2144.00,7842.00 2136.00,7842.00 2136.00,7842.00
             2136.00,7842.00 2122.00,7841.00 2122.00,7841.00
             2122.00,7841.00 2092.00,7840.00 2092.00,7840.00
             2092.00,7840.00 2079.00,7839.00 2079.00,7839.00
             2079.00,7839.00 2049.00,7838.00 2049.00,7838.00
             2049.00,7838.00 2032.00,7837.00 2032.00,7837.00
             2032.00,7837.00 2010.00,7836.00 2010.00,7836.00
             2010.00,7836.00 1980.00,7835.00 1980.00,7835.00
             1980.00,7835.00 1965.00,7834.00 1965.00,7834.00
             1965.00,7834.00 1915.00,7832.00 1915.00,7832.00
             1915.00,7832.00 1900.00,7831.00 1900.00,7831.00
             1900.00,7831.00 1847.00,7829.00 1847.00,7829.00
             1847.00,7829.00 1833.00,7828.00 1833.00,7828.00
             1833.00,7828.00 1801.00,7827.00 1801.00,7827.00
             1801.00,7827.00 1786.00,7826.00 1786.00,7826.00
             1786.00,7826.00 1765.00,7825.00 1765.00,7825.00
             1765.00,7825.00 1713.00,7823.00 1713.00,7823.00
             1713.00,7823.00 1698.00,7822.00 1698.00,7822.00
             1698.00,7822.00 1669.00,7821.00 1669.00,7821.00
             1669.00,7821.00 1651.00,7820.00 1651.00,7820.00 Z
           M 2437.00,7855.00
           C 2437.00,7855.00 2443.73,7807.00 2443.73,7807.00
             2443.73,7807.00 2457.58,7717.00 2457.58,7717.00
             2457.58,7717.00 2497.58,7477.00 2497.58,7477.00
             2517.68,7365.54 2539.01,7254.41 2564.35,7144.00
             2584.83,7054.77 2607.69,6965.48 2640.81,6880.00
             2667.87,6810.17 2701.10,6742.81 2736.69,6677.00
             2788.64,6580.96 2847.07,6487.89 2909.02,6398.00
             2909.02,6398.00 2988.58,6286.00 2988.58,6286.00
             3020.60,6241.64 3053.92,6198.13 3087.58,6155.00
             3142.11,6085.11 3198.09,6016.35 3255.73,5949.00
             3255.73,5949.00 3331.84,5862.00 3331.84,5862.00
             3331.84,5862.00 3347.98,5844.00 3347.98,5844.00
             3354.71,5836.78 3354.63,5833.78 3365.00,5834.01
             3365.00,5834.01 3379.00,5835.00 3379.00,5835.00
             3379.00,5835.00 3414.00,5836.00 3414.00,5836.00
             3414.00,5836.00 3428.00,5837.00 3428.00,5837.00
             3428.00,5837.00 3459.00,5838.00 3459.00,5838.00
             3459.00,5838.00 3479.00,5839.00 3479.00,5839.00
             3479.00,5839.00 3495.00,5840.00 3495.00,5840.00
             3495.00,5840.00 3516.00,5841.00 3516.00,5841.00
             3516.00,5841.00 3533.00,5842.00 3533.00,5842.00
             3533.00,5842.00 3559.00,5843.00 3559.00,5843.00
             3559.00,5843.00 3590.00,5845.00 3590.00,5845.00
             3590.00,5845.00 3613.00,5846.00 3613.00,5846.00
             3613.00,5846.00 3627.00,5847.00 3627.00,5847.00
             3627.00,5847.00 3640.00,5847.91 3640.00,5847.91
             3640.00,5847.91 3665.00,5849.09 3665.00,5849.09
             3665.00,5849.09 3679.00,5850.00 3679.00,5850.00
             3679.00,5850.00 3705.00,5851.91 3705.00,5851.91
             3705.00,5851.91 3730.00,5853.09 3730.00,5853.09
             3730.00,5853.09 3767.00,5855.91 3767.00,5855.91
             3767.00,5855.91 3862.00,5862.09 3862.00,5862.09
             3862.00,5862.09 3963.00,5869.91 3963.00,5869.91
             3963.00,5869.91 4076.00,5878.83 4076.00,5878.83
             4076.00,5878.83 4108.00,5881.17 4108.00,5881.17
             4108.00,5881.17 4207.00,5889.83 4207.00,5889.83
             4207.00,5889.83 4272.00,5895.17 4272.00,5895.17
             4272.00,5895.17 4530.00,5919.17 4530.00,5919.17
             4530.00,5919.17 4730.00,5939.17 4730.00,5939.17
             4730.00,5939.17 4798.00,5946.17 4798.00,5946.17
             4798.00,5946.17 4828.00,5949.00 4828.00,5949.00
             4823.49,5955.30 4810.16,5967.84 4804.00,5974.00
             4804.00,5974.00 4759.00,6019.00 4759.00,6019.00
             4714.68,6063.32 4670.79,6108.16 4628.09,6154.00
             4498.92,6292.65 4372.96,6435.73 4261.15,6589.00
             4181.42,6698.30 4100.87,6821.03 4048.42,6946.00
             4018.84,7016.51 3992.89,7111.07 3975.12,7186.00
             3975.12,7186.00 3958.42,7257.00 3958.42,7257.00
             3937.40,7352.19 3919.43,7447.96 3902.75,7544.00
             3888.94,7623.50 3876.49,7703.18 3864.73,7783.00
             3864.73,7783.00 3850.85,7880.00 3850.85,7880.00
             3850.85,7880.00 3846.00,7918.00 3846.00,7918.00
             3846.00,7918.00 3786.00,7916.00 3786.00,7916.00
             3786.00,7916.00 3772.00,7915.00 3772.00,7915.00
             3772.00,7915.00 3741.00,7914.00 3741.00,7914.00
             3741.00,7914.00 3728.00,7913.00 3728.00,7913.00
             3728.00,7913.00 3699.00,7912.00 3699.00,7912.00
             3699.00,7912.00 3682.00,7911.00 3682.00,7911.00
             3682.00,7911.00 3660.00,7910.00 3660.00,7910.00
             3660.00,7910.00 3630.00,7909.00 3630.00,7909.00
             3630.00,7909.00 3616.00,7908.00 3616.00,7908.00
             3616.00,7908.00 3585.00,7907.00 3585.00,7907.00
             3585.00,7907.00 3570.00,7906.00 3570.00,7906.00
             3570.00,7906.00 3547.00,7905.00 3547.00,7905.00
             3547.00,7905.00 3526.00,7904.00 3526.00,7904.00
             3526.00,7904.00 3496.00,7903.00 3496.00,7903.00
             3496.00,7903.00 3481.00,7902.00 3481.00,7902.00
             3481.00,7902.00 3431.00,7900.00 3431.00,7900.00
             3431.00,7900.00 3414.00,7899.00 3414.00,7899.00
             3414.00,7899.00 3392.00,7898.00 3392.00,7898.00
             3392.00,7898.00 3362.00,7897.00 3362.00,7897.00
             3362.00,7897.00 3348.00,7896.00 3348.00,7896.00
             3348.00,7896.00 3318.00,7895.00 3318.00,7895.00
             3318.00,7895.00 3308.00,7894.04 3308.00,7894.04
             3308.00,7894.04 3296.00,7894.04 3296.00,7894.04
             3296.00,7894.04 3281.00,7893.00 3281.00,7893.00
             3281.00,7893.00 3258.00,7892.00 3258.00,7892.00
             3258.00,7892.00 3236.00,7891.00 3236.00,7891.00
             3236.00,7891.00 3206.00,7890.00 3206.00,7890.00
             3206.00,7890.00 3191.00,7889.00 3191.00,7889.00
             3191.00,7889.00 3142.00,7887.00 3142.00,7887.00
             3142.00,7887.00 3125.00,7886.00 3125.00,7886.00
             3125.00,7886.00 3075.00,7884.00 3075.00,7884.00
             3075.00,7884.00 3052.00,7883.00 3052.00,7883.00
             3052.00,7883.00 3035.00,7882.00 3035.00,7882.00
             3035.00,7882.00 3007.00,7881.00 3007.00,7881.00
             3007.00,7881.00 2991.00,7880.00 2991.00,7880.00
             2991.00,7880.00 2968.00,7879.00 2968.00,7879.00
             2968.00,7879.00 2917.00,7877.00 2917.00,7877.00
             2917.00,7877.00 2901.00,7876.00 2901.00,7876.00
             2901.00,7876.00 2879.00,7875.00 2879.00,7875.00
             2879.00,7875.00 2850.00,7874.00 2850.00,7874.00
             2850.00,7874.00 2836.00,7873.00 2836.00,7873.00
             2836.00,7873.00 2805.00,7872.00 2805.00,7872.00
             2805.00,7872.00 2792.00,7871.00 2792.00,7871.00
             2792.00,7871.00 2763.00,7870.00 2763.00,7870.00
             2763.00,7870.00 2746.00,7869.00 2746.00,7869.00
             2746.00,7869.00 2723.00,7868.00 2723.00,7868.00
             2723.00,7868.00 2693.00,7867.00 2693.00,7867.00
             2693.00,7867.00 2678.00,7866.00 2678.00,7866.00
             2678.00,7866.00 2629.00,7864.00 2629.00,7864.00
             2629.00,7864.00 2613.00,7862.96 2613.00,7862.96
             2613.00,7862.96 2602.00,7862.96 2602.00,7862.96
             2602.00,7862.96 2591.00,7861.96 2591.00,7861.96
             2591.00,7861.96 2579.00,7861.96 2579.00,7861.96
             2579.00,7861.96 2567.00,7861.00 2567.00,7861.00
             2567.00,7861.00 2547.00,7860.00 2547.00,7860.00
             2547.00,7860.00 2517.00,7859.00 2517.00,7859.00
             2517.00,7859.00 2495.00,7858.00 2495.00,7858.00
             2495.00,7858.00 2473.00,7857.00 2473.00,7857.00
             2473.00,7857.00 2458.00,7856.00 2458.00,7856.00
             2458.00,7856.00 2437.00,7855.00 2437.00,7855.00 Z
           M 3930.00,7922.00
           C 3930.00,7922.00 3935.72,7879.00 3935.72,7879.00
             3935.72,7879.00 3950.73,7775.00 3950.73,7775.00
             3963.72,7686.82 3977.76,7598.73 3993.58,7511.00
             4013.76,7399.06 4035.53,7287.38 4063.13,7177.00
             4084.78,7090.37 4109.23,7003.62 4148.26,6923.00
             4198.46,6819.28 4264.79,6717.69 4333.12,6625.00
             4408.87,6522.23 4489.80,6423.23 4574.84,6328.00
             4574.84,6328.00 4693.09,6198.00 4693.09,6198.00
             4693.09,6198.00 4779.04,6108.00 4779.04,6108.00
             4779.04,6108.00 4830.00,6057.00 4830.00,6057.00
             4830.00,6057.00 4876.00,6011.00 4876.00,6011.00
             4876.00,6011.00 4904.00,5983.58 4904.00,5983.58
             4904.00,5983.58 4920.00,5968.00 4920.00,5968.00
             4922.27,5965.73 4925.96,5961.60 4929.00,5960.69
             4931.01,5960.09 4939.48,5961.24 4942.00,5961.58
             4942.00,5961.58 4962.00,5963.72 4962.00,5963.72
             4962.00,5963.72 5037.00,5971.84 5037.00,5971.84
             5037.00,5971.84 5229.00,5993.16 5229.00,5993.16
             5229.00,5993.16 5312.00,6002.84 5312.00,6002.84
             5312.00,6002.84 5432.00,6016.84 5432.00,6016.84
             5432.00,6016.84 5665.00,6044.72 5665.00,6044.72
             5665.00,6044.72 5993.00,6085.28 5993.00,6085.28
             5993.00,6085.28 6180.00,6109.28 6180.00,6109.28
             6180.00,6109.28 6257.00,6119.28 6257.00,6119.28
             6257.00,6119.28 6301.00,6125.00 6301.00,6125.00
             6296.70,6131.01 6287.55,6139.45 6282.00,6145.00
             6282.00,6145.00 6247.00,6180.00 6247.00,6180.00
             6247.00,6180.00 6146.09,6284.00 6146.09,6284.00
             6039.22,6398.71 5938.06,6519.81 5849.02,6649.00
             5786.72,6739.40 5721.64,6849.94 5681.20,6952.00
             5644.77,7043.95 5620.44,7141.73 5598.35,7238.00
             5582.45,7307.29 5568.20,7377.04 5555.58,7447.00
             5555.58,7447.00 5527.58,7607.00 5527.58,7607.00
             5527.58,7607.00 5514.42,7688.00 5514.42,7688.00
             5514.42,7688.00 5494.73,7820.00 5494.73,7820.00
             5494.73,7820.00 5484.05,7896.00 5484.05,7896.00
             5484.05,7896.00 5474.28,7969.00 5474.28,7969.00
             5474.28,7969.00 5472.28,7984.00 5472.28,7984.00
             5472.01,7985.90 5472.03,7988.69 5470.40,7989.98
             5468.81,7991.23 5464.99,7991.00 5463.00,7991.00
             5463.00,7991.00 5459.00,7991.00 5459.00,7991.00
             5459.00,7991.00 5448.00,7990.04 5448.00,7990.04
             5448.00,7990.04 5436.00,7990.04 5436.00,7990.04
             5436.00,7990.04 5421.00,7989.00 5421.00,7989.00
             5421.00,7989.00 5369.00,7987.00 5369.00,7987.00
             5369.00,7987.00 5354.00,7986.00 5354.00,7986.00
             5354.00,7986.00 5331.00,7985.00 5331.00,7985.00
             5331.00,7985.00 5301.00,7984.00 5301.00,7984.00
             5301.00,7984.00 5286.00,7983.00 5286.00,7983.00
             5286.00,7983.00 5280.00,7983.00 5280.00,7983.00
             5280.00,7983.00 5266.00,7982.00 5266.00,7982.00
             5266.00,7982.00 5257.00,7982.00 5257.00,7982.00
             5257.00,7982.00 5242.00,7981.00 5242.00,7981.00
             5242.00,7981.00 5192.00,7979.00 5192.00,7979.00
             5192.00,7979.00 5176.00,7977.96 5176.00,7977.96
             5176.00,7977.96 5165.00,7977.96 5165.00,7977.96
             5165.00,7977.96 5154.00,7976.96 5154.00,7976.96
             5154.00,7976.96 5143.00,7976.96 5143.00,7976.96
             5143.00,7976.96 5132.00,7976.00 5132.00,7976.00
             5132.00,7976.00 5080.00,7974.00 5080.00,7974.00
             5080.00,7974.00 5064.00,7973.00 5064.00,7973.00
             5064.00,7973.00 5042.00,7972.00 5042.00,7972.00
             5042.00,7972.00 5011.00,7971.00 5011.00,7971.00
             5011.00,7971.00 4996.00,7970.00 4996.00,7970.00
             4996.00,7970.00 4976.00,7969.00 4976.00,7969.00
             4976.00,7969.00 4947.00,7968.00 4947.00,7968.00
             4947.00,7968.00 4931.00,7967.00 4931.00,7967.00
             4931.00,7967.00 4908.00,7966.00 4908.00,7966.00
             4908.00,7966.00 4886.00,7965.00 4886.00,7965.00
             4886.00,7965.00 4834.00,7963.00 4834.00,7963.00
             4834.00,7963.00 4820.00,7962.00 4820.00,7962.00
             4820.00,7962.00 4789.00,7961.00 4789.00,7961.00
             4789.00,7961.00 4774.00,7960.00 4774.00,7960.00
             4774.00,7960.00 4752.00,7959.00 4752.00,7959.00
             4752.00,7959.00 4700.00,7957.00 4700.00,7957.00
             4700.00,7957.00 4687.00,7956.00 4687.00,7956.00
             4687.00,7956.00 4657.00,7955.00 4657.00,7955.00
             4657.00,7955.00 4640.00,7954.00 4640.00,7954.00
             4640.00,7954.00 4590.00,7952.00 4590.00,7952.00
             4590.00,7952.00 4573.00,7951.00 4573.00,7951.00
             4573.00,7951.00 4551.00,7950.00 4551.00,7950.00
             4551.00,7950.00 4529.00,7949.00 4529.00,7949.00
             4529.00,7949.00 4499.00,7948.00 4499.00,7948.00
             4499.00,7948.00 4485.00,7947.00 4485.00,7947.00
             4485.00,7947.00 4454.00,7946.00 4454.00,7946.00
             4454.00,7946.00 4439.00,7945.00 4439.00,7945.00
             4439.00,7945.00 4417.00,7944.00 4417.00,7944.00
             4417.00,7944.00 4395.00,7943.00 4395.00,7943.00
             4395.00,7943.00 4366.00,7942.00 4366.00,7942.00
             4366.00,7942.00 4356.00,7941.04 4356.00,7941.04
             4356.00,7941.04 4343.00,7941.04 4343.00,7941.04
             4343.00,7941.04 4329.00,7940.00 4329.00,7940.00
             4329.00,7940.00 4276.00,7938.00 4276.00,7938.00
             4276.00,7938.00 4263.00,7937.00 4263.00,7937.00
             4263.00,7937.00 4234.00,7936.00 4234.00,7936.00
             4234.00,7936.00 4217.00,7935.00 4217.00,7935.00
             4217.00,7935.00 4195.00,7934.00 4195.00,7934.00
             4195.00,7934.00 4165.00,7933.00 4165.00,7933.00
             4165.00,7933.00 4150.00,7932.00 4150.00,7932.00
             4150.00,7932.00 4128.00,7931.00 4128.00,7931.00
             4128.00,7931.00 4076.00,7929.00 4076.00,7929.00
             4076.00,7929.00 4062.00,7928.00 4062.00,7928.00
             4062.00,7928.00 4031.00,7927.00 4031.00,7927.00
             4031.00,7927.00 4021.00,7926.04 4021.00,7926.04
             4021.00,7926.04 4009.00,7926.04 4009.00,7926.04
             4009.00,7926.04 3994.00,7925.00 3994.00,7925.00
             3994.00,7925.00 3972.00,7924.00 3972.00,7924.00
             3972.00,7924.00 3943.00,7923.00 3943.00,7923.00
             3943.00,7923.00 3930.00,7922.00 3930.00,7922.00 Z
           M 5556.00,7995.00
           C 5556.00,7995.00 5561.72,7949.00 5561.72,7949.00
             5561.72,7949.00 5574.73,7854.00 5574.73,7854.00
             5587.82,7763.20 5601.05,7672.40 5616.75,7582.00
             5638.05,7459.37 5660.38,7337.15 5689.12,7216.00
             5710.15,7127.32 5734.65,7034.87 5770.43,6951.00
             5807.97,6863.00 5862.69,6769.77 5916.98,6691.00
             5970.80,6612.90 6028.17,6537.20 6089.73,6465.00
             6146.68,6398.21 6205.40,6333.40 6266.04,6270.00
             6266.04,6270.00 6310.00,6226.00 6310.00,6226.00
             6310.00,6226.00 6373.00,6163.91 6373.00,6163.91
             6373.00,6163.91 6392.00,6145.58 6392.00,6145.58
             6394.00,6143.85 6397.77,6140.09 6400.00,6139.19
             6402.77,6138.07 6415.34,6140.21 6419.00,6140.73
             6419.00,6140.73 6465.00,6146.87 6465.00,6146.87
             6465.00,6146.87 6634.00,6169.72 6634.00,6169.72
             6634.00,6169.72 7055.00,6228.27 7055.00,6228.27
             7055.00,6228.27 7194.00,6248.27 7194.00,6248.27
             7194.00,6248.27 7235.00,6254.27 7235.00,6254.27
             7235.00,6254.27 7261.00,6258.00 7261.00,6258.00
             7259.29,6263.99 7255.96,6269.41 7253.26,6275.00
             7253.26,6275.00 7237.78,6307.00 7237.78,6307.00
             7237.78,6307.00 7191.31,6406.00 7191.31,6406.00
             7144.84,6507.21 7100.52,6609.30 7057.42,6712.00
             7032.86,6770.54 7009.15,6829.66 6986.58,6889.00
             6986.58,6889.00 6921.69,7063.00 6921.69,7063.00
             6893.77,7141.47 6867.70,7220.47 6842.98,7300.00
             6805.78,7419.68 6773.78,7541.08 6749.20,7664.00
             6735.64,7731.82 6724.71,7800.19 6717.83,7869.00
             6717.83,7869.00 6713.00,7923.00 6713.00,7923.00
             6713.00,7923.00 6713.00,7932.00 6713.00,7932.00
             6713.00,7932.00 6712.00,7948.00 6712.00,7948.00
             6712.00,7948.00 6711.00,7963.00 6711.00,7963.00
             6711.00,7963.00 6711.00,7982.00 6711.00,7982.00
             6711.00,7982.00 6710.00,7995.00 6710.00,7995.00
             6710.00,7995.00 6710.00,8019.00 6710.00,8019.00
             6710.00,8019.00 6710.98,8030.00 6710.98,8030.00
             6710.98,8030.00 6710.98,8047.00 6710.98,8047.00
             6710.98,8047.00 6693.00,8046.00 6693.00,8046.00
             6693.00,8046.00 6664.00,8045.00 6664.00,8045.00
             6664.00,8045.00 6647.00,8044.00 6647.00,8044.00
             6647.00,8044.00 6595.00,8042.00 6595.00,8042.00
             6595.00,8042.00 6580.00,8041.00 6580.00,8041.00
             6580.00,8041.00 6529.00,8039.00 6529.00,8039.00
             6529.00,8039.00 6512.00,8038.00 6512.00,8038.00
             6512.00,8038.00 6491.00,8037.00 6491.00,8037.00
             6491.00,8037.00 6461.00,8036.00 6461.00,8036.00
             6461.00,8036.00 6447.00,8035.00 6447.00,8035.00
             6447.00,8035.00 6416.00,8034.00 6416.00,8034.00
             6416.00,8034.00 6401.00,8033.00 6401.00,8033.00
             6401.00,8033.00 6352.00,8031.00 6352.00,8031.00
             6352.00,8031.00 6335.00,8029.96 6335.00,8029.96
             6335.00,8029.96 6324.00,8029.96 6324.00,8029.96
             6324.00,8029.96 6314.00,8029.00 6314.00,8029.00
             6314.00,8029.00 6260.00,8027.00 6260.00,8027.00
             6260.00,8027.00 6246.00,8026.00 6246.00,8026.00
             6246.00,8026.00 6216.00,8025.00 6216.00,8025.00
             6216.00,8025.00 6206.00,8024.04 6206.00,8024.04
             6206.00,8024.04 6194.00,8024.04 6194.00,8024.04
             6194.00,8024.04 6179.00,8023.00 6179.00,8023.00
             6179.00,8023.00 6156.00,8022.00 6156.00,8022.00
             6156.00,8022.00 6134.00,8021.00 6134.00,8021.00
             6134.00,8021.00 6104.00,8020.00 6104.00,8020.00
             6104.00,8020.00 6094.00,8019.04 6094.00,8019.04
             6094.00,8019.04 6082.00,8019.04 6082.00,8019.04
             6082.00,8019.04 6067.00,8018.00 6067.00,8018.00
             6067.00,8018.00 6045.00,8017.00 6045.00,8017.00
             6045.00,8017.00 5995.00,8015.00 5995.00,8015.00
             5995.00,8015.00 5980.00,8013.96 5980.00,8013.96
             5980.00,8013.96 5968.00,8013.96 5968.00,8013.96
             5968.00,8013.96 5956.00,8013.00 5956.00,8013.00
             5956.00,8013.00 5933.00,8012.00 5933.00,8012.00
             5933.00,8012.00 5911.00,8011.00 5911.00,8011.00
             5911.00,8011.00 5889.00,8010.00 5889.00,8010.00
             5889.00,8010.00 5839.00,8008.00 5839.00,8008.00
             5839.00,8008.00 5817.00,8007.00 5817.00,8007.00
             5817.00,8007.00 5801.00,8006.00 5801.00,8006.00
             5801.00,8006.00 5772.00,8005.00 5772.00,8005.00
             5772.00,8005.00 5755.00,8004.00 5755.00,8004.00
             5755.00,8004.00 5733.00,8003.00 5733.00,8003.00
             5733.00,8003.00 5702.00,8002.00 5702.00,8002.00
             5702.00,8002.00 5688.00,8001.00 5688.00,8001.00
             5688.00,8001.00 5658.00,8000.00 5658.00,8000.00
             5658.00,8000.00 5638.00,7999.00 5638.00,7999.00
             5638.00,7999.00 5621.00,7998.00 5621.00,7998.00
             5621.00,7998.00 5571.00,7996.00 5571.00,7996.00
             5571.00,7996.00 5556.00,7995.00 5556.00,7995.00 Z
           M 6870.00,8039.00
           C 6891.07,8039.00 6912.12,8040.97 6933.00,8043.87
             6937.89,8044.55 6952.07,8045.67 6955.00,8049.00
             6961.92,8047.35 6973.87,8051.01 6981.00,8052.65
             6981.00,8052.65 7040.00,8069.67 7040.00,8069.67
             7112.32,8094.01 7182.54,8136.79 7241.00,8185.43
             7241.00,8185.43 7275.00,8215.83 7275.00,8215.83
             7275.00,8215.83 7311.09,8252.00 7311.09,8252.00
             7379.10,8325.03 7433.67,8406.85 7478.25,8496.00
             7555.41,8650.32 7601.81,8818.26 7624.28,8989.00
             7629.50,9028.63 7633.37,9068.18 7636.09,9108.00
             7636.09,9108.00 7638.00,9140.00 7638.00,9140.00
             7638.00,9140.00 7638.96,9150.00 7638.96,9150.00
             7638.96,9150.00 7638.96,9161.00 7638.96,9161.00
             7638.96,9161.00 7640.00,9175.00 7640.00,9175.00
             7640.00,9175.00 7640.00,9195.00 7640.00,9195.00
             7640.00,9195.00 7578.00,9186.72 7578.00,9186.72
             7578.00,9186.72 7460.00,9169.73 7460.00,9169.73
             7397.04,9160.46 7333.45,9151.35 7270.00,9146.91
             7270.00,9146.91 7230.00,9143.91 7230.00,9143.91
             7230.00,9143.91 7220.00,9143.00 7220.00,9143.00
             7220.00,9143.00 7201.00,9142.00 7201.00,9142.00
             7201.00,9142.00 7183.00,9141.00 7183.00,9141.00
             7183.00,9141.00 7171.00,9141.00 7171.00,9141.00
             7171.00,9141.00 7154.00,9140.00 7154.00,9140.00
             7154.00,9140.00 7053.00,9140.00 7053.00,9140.00
             7053.00,9140.00 7039.00,9141.00 7039.00,9141.00
             7039.00,9141.00 7006.00,9142.00 7006.00,9142.00
             7006.00,9142.00 6980.00,9143.91 6980.00,9143.91
             6980.00,9143.91 6929.00,9147.83 6929.00,9147.83
             6877.80,9152.73 6826.88,9158.68 6776.00,9166.58
             6597.67,9194.26 6423.83,9240.71 6256.00,9307.20
             6163.94,9343.68 6074.44,9386.61 5988.00,9434.86
             5988.00,9434.86 5909.00,9481.42 5909.00,9481.42
             5909.00,9481.42 5875.00,9503.05 5875.00,9503.05
             5875.00,9503.05 5861.00,9512.00 5861.00,9512.00
             5861.00,9512.00 5864.17,9481.00 5864.17,9481.00
             5864.17,9481.00 5872.28,9411.00 5872.28,9411.00
             5881.30,9342.50 5894.20,9274.33 5909.65,9207.00
             5964.44,8968.26 6062.78,8728.81 6193.95,8522.00
             6245.39,8440.90 6316.32,8346.68 6384.00,8279.00
             6384.00,8279.00 6415.00,8248.04 6415.00,8248.04
             6415.00,8248.04 6438.00,8226.98 6438.00,8226.98
             6438.00,8226.98 6455.00,8211.87 6455.00,8211.87
             6457.66,8209.58 6461.74,8205.71 6465.00,8204.89
             6469.51,8203.03 6477.91,8204.94 6483.00,8204.89
             6483.00,8204.89 6495.00,8204.89 6495.00,8204.89
             6495.00,8204.89 6507.00,8206.00 6507.00,8206.00
             6507.00,8206.00 6560.00,8208.00 6560.00,8208.00
             6560.00,8208.00 6577.00,8209.00 6577.00,8209.00
             6577.00,8209.00 6600.00,8210.00 6600.00,8210.00
             6600.00,8210.00 6630.00,8211.00 6630.00,8211.00
             6630.00,8211.00 6644.00,8212.00 6644.00,8212.00
             6644.00,8212.00 6676.00,8213.00 6676.00,8213.00
             6676.00,8213.00 6690.00,8214.00 6690.00,8214.00
             6690.00,8214.00 6722.00,8215.00 6722.00,8215.00
             6722.00,8215.00 6736.00,8216.00 6736.00,8216.00
             6736.00,8216.00 6768.00,8217.00 6768.00,8217.00
             6768.00,8217.00 6783.00,8218.00 6783.00,8218.00
             6783.00,8218.00 6806.00,8219.00 6806.00,8219.00
             6806.00,8219.00 6829.00,8220.00 6829.00,8220.00
             6829.00,8220.00 6849.00,8221.00 6849.00,8221.00
             6849.00,8221.00 6863.00,8221.00 6863.00,8221.00
             6863.00,8221.00 6863.00,8146.00 6863.00,8146.00
             6863.00,8146.00 6864.00,8131.00 6864.00,8131.00
             6864.00,8131.00 6864.00,8120.00 6864.00,8120.00
             6864.00,8120.00 6865.00,8103.00 6865.00,8103.00
             6865.00,8103.00 6865.91,8093.00 6865.91,8093.00
             6865.91,8093.00 6868.09,8059.00 6868.09,8059.00
             6868.09,8059.00 6870.00,8039.00 6870.00,8039.00 Z
           M 2828.00,9195.00
           C 2828.00,9195.00 2829.00,9155.00 2829.00,9155.00
             2829.00,9155.00 2830.00,9134.00 2830.00,9134.00
             2830.00,9134.00 2830.91,9124.00 2830.91,9124.00
             2830.91,9124.00 2831.96,9110.00 2831.96,9110.00
             2831.96,9110.00 2831.96,9101.00 2831.96,9101.00
             2831.96,9101.00 2833.83,9082.00 2833.83,9082.00
             2838.09,9037.47 2842.70,8993.27 2849.58,8949.00
             2883.24,8732.14 2955.17,8520.59 3083.58,8341.00
             3144.18,8256.24 3224.40,8177.16 3314.00,8123.40
             3339.26,8108.25 3365.67,8094.25 3393.00,8083.20
             3398.60,8080.94 3418.31,8072.52 3423.00,8071.95
             3423.00,8071.95 3433.00,8071.95 3433.00,8071.95
             3433.00,8071.95 3463.00,8073.00 3463.00,8073.00
             3463.00,8073.00 3478.00,8074.00 3478.00,8074.00
             3478.00,8074.00 3532.00,8076.00 3532.00,8076.00
             3532.00,8076.00 3547.00,8077.00 3547.00,8077.00
             3547.00,8077.00 3555.00,8077.00 3555.00,8077.00
             3555.00,8077.00 3570.00,8078.00 3570.00,8078.00
             3570.00,8078.00 3622.00,8080.00 3622.00,8080.00
             3622.00,8080.00 3638.00,8081.00 3638.00,8081.00
             3638.00,8081.00 3670.00,8082.00 3670.00,8082.00
             3670.00,8082.00 3685.00,8083.00 3685.00,8083.00
             3685.00,8083.00 3737.00,8085.00 3737.00,8085.00
             3737.00,8085.00 3760.00,8086.00 3760.00,8086.00
             3760.00,8086.00 3775.00,8087.04 3775.00,8087.04
             3775.00,8087.04 3788.00,8087.04 3788.00,8087.04
             3788.00,8087.04 3799.00,8088.00 3799.00,8088.00
             3799.00,8088.00 3816.00,8088.72 3816.00,8088.72
             3819.88,8089.17 3824.54,8088.65 3828.00,8089.63
             3828.00,8089.63 3868.00,8109.70 3868.00,8109.70
             3896.13,8125.14 3922.92,8142.45 3949.00,8161.14
             4053.09,8235.74 4148.53,8341.90 4222.71,8446.00
             4382.27,8669.93 4497.90,8943.27 4559.35,9211.00
             4573.88,9274.31 4586.24,9338.59 4594.72,9403.00
             4594.72,9403.00 4602.83,9470.00 4602.83,9470.00
             4602.83,9470.00 4605.83,9500.00 4605.83,9500.00
             4605.83,9500.00 4607.00,9512.00 4607.00,9512.00
             4607.00,9512.00 4589.00,9500.34 4589.00,9500.34
             4589.00,9500.34 4567.00,9486.42 4567.00,9486.42
             4567.00,9486.42 4482.00,9435.86 4482.00,9435.86
             4393.35,9386.37 4301.52,9342.35 4207.00,9305.20
             4027.37,9234.60 3836.40,9184.91 3645.00,9159.72
             3600.19,9153.82 3555.06,9148.17 3510.00,9145.09
             3510.00,9145.09 3488.00,9143.91 3488.00,9143.91
             3488.00,9143.91 3430.00,9141.00 3430.00,9141.00
             3430.00,9141.00 3413.00,9140.00 3413.00,9140.00
             3413.00,9140.00 3312.00,9140.00 3312.00,9140.00
             3312.00,9140.00 3299.00,9141.00 3299.00,9141.00
             3299.00,9141.00 3286.00,9141.00 3286.00,9141.00
             3286.00,9141.00 3267.00,9142.00 3267.00,9142.00
             3267.00,9142.00 3239.00,9144.00 3239.00,9144.00
             3239.00,9144.00 3230.00,9144.00 3230.00,9144.00
             3230.00,9144.00 3188.00,9147.83 3188.00,9147.83
             3132.46,9153.14 3077.27,9159.76 3022.00,9167.73
             3022.00,9167.73 2890.00,9186.73 2890.00,9186.73
             2890.00,9186.73 2828.00,9195.00 2828.00,9195.00 Z" />
</svg>
