<?xml version="1.0" encoding="UTF-8" standalone="no"?>
<!DOCTYPE svg PUBLIC "-//W3C//DTD SVG 20010904//EN"
              "http://www.w3.org/TR/2001/REC-SVG-20010904/DTD/svg10.dtd">

<svg xmlns="http://www.w3.org/2000/svg"
     width="8.26772in" height="8.26772in"
     viewBox="0 0 10000 10000">
  <path id="5 Maud Black"
        fill="none" stroke="black" stroke-width="1"
        d="M 1232.00,2144.00
           C 1232.00,2144.00 1408.00,2144.00 1408.00,2144.00
             1408.00,2144.00 1408.00,2648.00 1408.00,2648.00
             1408.00,2648.00 1912.00,2648.00 1912.00,2648.00
             1912.00,2648.00 1912.00,2824.00 1912.00,2824.00
             1912.00,2824.00 1408.00,2824.00 1408.00,2824.00
             1408.00,2824.00 1408.00,3328.00 1408.00,3328.00
             1408.00,3328.00 1232.00,3328.00 1232.00,3328.00
             1232.00,3328.00 1232.00,2824.00 1232.00,2824.00
             1232.00,2824.00 728.00,2824.00 728.00,2824.00
             728.00,2824.00 728.00,2648.00 728.00,2648.00
             728.00,2648.00 1232.00,2648.00 1232.00,2648.00
             1232.00,2648.00 1232.00,2144.00 1232.00,2144.00 Z
           M 8704.00,2176.00
           C 8704.00,2176.00 8880.00,2176.00 8880.00,2176.00
             8880.00,2176.00 8880.00,2680.00 8880.00,2680.00
             8880.00,2680.00 9384.00,2680.00 9384.00,2680.00
             9384.00,2680.00 9384.00,2856.00 9384.00,2856.00
             9384.00,2856.00 8880.00,2856.00 8880.00,2856.00
             8880.00,2856.00 8880.00,3360.00 8880.00,3360.00
             8880.00,3360.00 8704.00,3360.00 8704.00,3360.00
             8704.00,3360.00 8704.00,2856.00 8704.00,2856.00
             8704.00,2856.00 8200.00,2856.00 8200.00,2856.00
             8200.00,2856.00 8200.00,2680.00 8200.00,2680.00
             8200.00,2680.00 8704.00,2680.00 8704.00,2680.00
             8704.00,2680.00 8704.00,2176.00 8704.00,2176.00 Z
           M 2143.00,9123.00
           C 2143.00,9123.00 2169.00,9130.66 2169.00,9130.66
             2169.00,9130.66 2209.00,9142.58 2209.00,9142.58
             2252.47,9154.97 2296.67,9166.67 2341.00,9175.55
             2388.21,9185.01 2436.05,9194.04 2484.00,9198.83
             2484.00,9198.83 2520.00,9202.17 2520.00,9202.17
             2520.00,9202.17 2583.00,9206.00 2583.00,9206.00
             2583.00,9206.00 2596.00,9207.00 2596.00,9207.00
             2596.00,9207.00 2617.00,9207.00 2617.00,9207.00
             2617.00,9207.00 2634.00,9208.00 2634.00,9208.00
             2634.00,9208.00 2686.00,9207.00 2686.00,9207.00
             2686.00,9207.00 2708.00,9206.00 2708.00,9206.00
             2708.00,9206.00 2718.00,9205.00 2718.00,9205.00
             2718.00,9205.00 2727.00,9205.00 2727.00,9205.00
             2727.00,9205.00 2749.00,9203.09 2749.00,9203.09
             2783.75,9200.70 2818.44,9196.83 2853.00,9192.28
             2853.00,9192.28 3113.00,9156.28 3113.00,9156.28
             3113.00,9156.28 3197.00,9147.83 3197.00,9147.83
             3197.00,9147.83 3236.00,9144.91 3236.00,9144.91
             3236.00,9144.91 3250.00,9144.00 3250.00,9144.00
             3250.00,9144.00 3269.00,9143.00 3269.00,9143.00
             3269.00,9143.00 3282.00,9142.00 3282.00,9142.00
             3282.00,9142.00 3295.00,9142.00 3295.00,9142.00
             3295.00,9142.00 3310.00,9141.00 3310.00,9141.00
             3310.00,9141.00 3418.00,9141.00 3418.00,9141.00
             3418.00,9141.00 3433.00,9142.00 3433.00,9142.00
             3433.00,9142.00 3464.00,9143.00 3464.00,9143.00
             3464.00,9143.00 3481.00,9144.00 3481.00,9144.00
             3481.00,9144.00 3506.00,9145.91 3506.00,9145.91
             3506.00,9145.91 3563.00,9150.83 3563.00,9150.83
             3622.90,9156.82 3682.72,9164.89 3742.00,9175.58
             3970.98,9216.86 4179.52,9282.51 4388.00,9386.75
             4493.43,9439.47 4587.71,9496.34 4683.00,9565.85
             4710.76,9586.10 4737.89,9607.38 4764.00,9629.73
             4771.69,9636.31 4792.95,9654.01 4798.00,9661.00
             4744.50,9661.00 4691.16,9655.25 4639.00,9642.88
             4639.00,9642.88 4611.00,9636.00 4611.00,9636.00
             4613.85,9646.02 4611.08,9671.50 4611.00,9683.00
             4611.00,9683.00 4610.00,9701.00 4610.00,9701.00
             4610.00,9701.00 4610.00,9718.00 4610.00,9718.00
             4610.00,9718.00 4609.00,9734.00 4609.00,9734.00
             4609.00,9734.00 4609.00,9759.00 4609.00,9759.00
             4609.00,9759.00 4607.00,9787.00 4607.00,9787.00
             4607.00,9787.00 4607.00,9802.00 4607.00,9802.00
             4607.00,9802.00 4606.34,9811.00 4606.34,9811.00
             4606.34,9811.00 4606.96,9820.00 4606.96,9820.00
             4606.96,9820.00 4605.09,9842.00 4605.09,9842.00
             4605.09,9842.00 4597.83,9926.00 4597.83,9926.00
             4597.83,9926.00 4589.00,10000.00 4589.00,10000.00
             4589.00,10000.00 3787.00,10000.00 3787.00,10000.00
             3784.90,10000.00 3781.39,10000.25 3779.65,9999.01
             3777.79,9997.68 3775.81,9992.24 3774.85,9990.00
             3774.85,9990.00 3766.00,9968.00 3766.00,9968.00
             3751.75,9932.38 3739.36,9895.90 3728.86,9859.00
             3708.57,9787.68 3693.73,9714.75 3685.84,9641.00
             3685.84,9641.00 3680.00,9581.00 3680.00,9581.00
             3680.00,9581.00 3680.00,9572.00 3680.00,9572.00
             3680.00,9572.00 3679.00,9557.00 3679.00,9557.00
             3679.00,9557.00 3677.96,9542.00 3677.96,9542.00
             3677.96,9542.00 3677.96,9527.00 3677.96,9527.00
             3677.96,9527.00 3677.00,9515.00 3677.00,9515.00
             3677.00,9515.00 3677.00,9453.00 3677.00,9453.00
             3677.00,9453.00 3678.00,9438.00 3678.00,9438.00
             3678.00,9438.00 3678.00,9425.00 3678.00,9425.00
             3678.00,9425.00 3679.00,9409.00 3679.00,9409.00
             3679.00,9409.00 3681.00,9376.00 3681.00,9376.00
             3681.00,9376.00 3671.00,9375.04 3671.00,9375.04
             3671.00,9375.04 3664.00,9375.04 3664.00,9375.04
             3664.00,9375.04 3654.00,9374.04 3654.00,9374.04
             3654.00,9374.04 3644.00,9374.04 3644.00,9374.04
             3644.00,9374.04 3629.00,9372.96 3629.00,9372.96
             3629.00,9372.96 3618.00,9372.96 3618.00,9372.96
             3618.00,9372.96 3607.00,9372.00 3607.00,9372.00
             3607.00,9372.00 3588.00,9372.00 3588.00,9372.00
             3588.00,9372.00 3571.00,9371.00 3571.00,9371.00
             3571.00,9371.00 3458.00,9371.00 3458.00,9371.00
             3458.00,9371.00 3443.00,9372.00 3443.00,9372.00
             3443.00,9372.00 3414.00,9372.00 3414.00,9372.00
             3414.00,9372.00 3397.00,9373.00 3397.00,9373.00
             3397.00,9373.00 3350.00,9374.00 3350.00,9374.00
             3350.00,9374.00 3335.00,9375.00 3335.00,9375.00
             3335.00,9375.00 3283.00,9377.00 3283.00,9377.00
             3283.00,9377.00 3273.00,9377.96 3273.00,9377.96
             3273.00,9377.96 3264.00,9377.96 3264.00,9377.96
             3264.00,9377.96 3246.00,9379.00 3246.00,9379.00
             3246.00,9379.00 3229.00,9380.00 3229.00,9380.00
             3229.00,9380.00 3217.00,9380.96 3217.00,9380.96
             3217.00,9380.96 3172.00,9383.91 3172.00,9383.91
             3172.00,9383.91 3081.00,9390.09 3081.00,9390.09
             3081.00,9390.09 3050.00,9392.91 3050.00,9392.91
             3050.00,9392.91 2988.00,9397.96 2988.00,9397.96
             2988.00,9397.96 2980.00,9397.96 2980.00,9397.96
             2980.00,9397.96 2962.00,9399.91 2962.00,9399.91
             2962.00,9399.91 2929.00,9402.17 2929.00,9402.17
             2929.00,9402.17 2850.00,9408.09 2850.00,9408.09
             2850.00,9408.09 2820.00,9410.09 2820.00,9410.09
             2820.00,9410.09 2808.00,9411.00 2808.00,9411.00
             2808.00,9411.00 2785.00,9412.00 2785.00,9412.00
             2785.00,9412.00 2775.00,9412.96 2775.00,9412.96
             2775.00,9412.96 2763.00,9412.96 2763.00,9412.96
             2763.00,9412.96 2748.00,9414.04 2748.00,9414.04
             2748.00,9414.04 2732.00,9414.04 2732.00,9414.04
             2732.00,9414.04 2720.00,9415.00 2720.00,9415.00
             2720.00,9415.00 2639.00,9415.00 2639.00,9415.00
             2639.00,9415.00 2624.00,9414.00 2624.00,9414.00
             2597.76,9413.96 2572.03,9411.27 2546.00,9408.15
             2485.83,9400.96 2423.00,9384.61 2369.00,9356.74
             2311.90,9327.28 2264.91,9287.60 2223.13,9239.00
             2197.26,9208.91 2161.53,9158.04 2143.00,9123.00 Z
           M 5670.00,9661.00
           C 5675.39,9653.82 5702.60,9630.94 5711.00,9623.92
             5740.46,9599.30 5770.77,9575.90 5802.00,9553.58
             5916.19,9471.94 6032.57,9407.05 6160.00,9348.69
             6348.16,9262.53 6563.53,9200.32 6768.00,9168.58
             6820.92,9160.36 6873.75,9153.99 6927.00,9148.83
             6927.00,9148.83 6956.00,9145.96 6956.00,9145.96
             6956.00,9145.96 6964.00,9145.96 6964.00,9145.96
             6964.00,9145.96 6990.00,9144.00 6990.00,9144.00
             6990.00,9144.00 7006.00,9143.00 7006.00,9143.00
             7006.00,9143.00 7024.00,9142.00 7024.00,9142.00
             7024.00,9142.00 7036.00,9142.00 7036.00,9142.00
             7036.00,9142.00 7052.00,9141.00 7052.00,9141.00
             7052.00,9141.00 7160.00,9141.00 7160.00,9141.00
             7160.00,9141.00 7175.00,9142.00 7175.00,9142.00
             7175.00,9142.00 7204.00,9143.00 7204.00,9143.00
             7204.00,9143.00 7222.00,9144.00 7222.00,9144.00
             7222.00,9144.00 7232.00,9145.00 7232.00,9145.00
             7232.00,9145.00 7241.00,9145.00 7241.00,9145.00
             7241.00,9145.00 7333.00,9153.84 7333.00,9153.84
             7420.33,9163.18 7506.94,9178.26 7594.00,9189.72
             7635.88,9195.23 7677.90,9200.20 7720.00,9203.09
             7720.00,9203.09 7765.00,9206.00 7765.00,9206.00
             7765.00,9206.00 7782.00,9207.00 7782.00,9207.00
             7782.00,9207.00 7799.00,9207.00 7799.00,9207.00
             7799.00,9207.00 7817.00,9208.00 7817.00,9208.00
             7817.00,9208.00 7832.00,9207.00 7832.00,9207.00
             7832.00,9207.00 7870.00,9207.00 7870.00,9207.00
             7870.00,9207.00 7885.00,9206.00 7885.00,9206.00
             7885.00,9206.00 7913.00,9205.00 7913.00,9205.00
             7913.00,9205.00 7936.00,9203.17 7936.00,9203.17
             7936.00,9203.17 7955.00,9201.83 7955.00,9201.83
             7955.00,9201.83 8005.00,9196.15 8005.00,9196.15
             8070.89,9188.28 8145.76,9173.00 8210.00,9156.12
             8210.00,9156.12 8284.00,9135.28 8284.00,9135.28
             8284.00,9135.28 8325.00,9123.00 8325.00,9123.00
             8325.00,9123.00 8297.67,9168.00 8297.67,9168.00
             8282.94,9190.09 8267.77,9211.58 8250.75,9232.00
             8219.73,9269.22 8183.82,9302.58 8144.00,9330.28
             8132.90,9338.00 8120.88,9344.87 8109.00,9351.31
             8041.76,9387.75 7970.53,9403.85 7895.00,9411.17
             7895.00,9411.17 7870.00,9413.09 7870.00,9413.09
             7870.00,9413.09 7858.00,9414.00 7858.00,9414.00
             7858.00,9414.00 7845.00,9414.79 7845.00,9414.79
             7845.00,9414.79 7839.00,9414.79 7839.00,9414.79
             7839.00,9414.79 7828.00,9414.79 7828.00,9414.79
             7828.00,9414.79 7746.00,9414.79 7746.00,9414.79
             7746.00,9414.79 7731.00,9414.00 7731.00,9414.00
             7731.00,9414.00 7698.00,9413.00 7698.00,9413.00
             7698.00,9413.00 7682.00,9412.00 7682.00,9412.00
             7682.00,9412.00 7661.00,9411.00 7661.00,9411.00
             7661.00,9411.00 7634.00,9409.09 7634.00,9409.09
             7634.00,9409.09 7597.00,9406.91 7597.00,9406.91
             7597.00,9406.91 7564.00,9404.09 7564.00,9404.09
             7564.00,9404.09 7457.00,9395.91 7457.00,9395.91
             7457.00,9395.91 7438.00,9394.09 7438.00,9394.09
             7438.00,9394.09 7311.00,9384.91 7311.00,9384.91
             7311.00,9384.91 7275.00,9382.09 7275.00,9382.09
             7275.00,9382.09 7250.00,9380.91 7250.00,9380.91
             7250.00,9380.91 7217.00,9379.00 7217.00,9379.00
             7217.00,9379.00 7207.00,9378.04 7207.00,9378.04
             7207.00,9378.04 7198.00,9378.04 7198.00,9378.04
             7198.00,9378.04 7179.00,9377.00 7179.00,9377.00
             7179.00,9377.00 7163.00,9376.00 7163.00,9376.00
             7163.00,9376.00 7132.00,9375.00 7132.00,9375.00
             7132.00,9375.00 7118.00,9374.00 7118.00,9374.00
             7118.00,9374.00 7070.00,9373.00 7070.00,9373.00
             7070.00,9373.00 7053.00,9372.00 7053.00,9372.00
             7053.00,9372.00 7025.00,9372.00 7025.00,9372.00
             7025.00,9372.00 7008.00,9371.00 7008.00,9371.00
             7008.00,9371.00 6940.15,9371.00 6940.15,9371.00
             6940.15,9371.00 6940.15,9438.00 6940.15,9438.00
             6940.15,9438.00 6940.15,9456.07 6940.15,9456.07
             6940.15,9456.07 6940.15,9482.00 6940.15,9482.00
             6940.15,9482.00 6940.84,9492.28 6940.84,9492.28
             6940.84,9492.28 6940.84,9506.00 6940.84,9506.00
             6940.84,9506.00 6940.84,9683.00 6940.84,9683.00
             6940.84,9683.00 6936.16,9738.00 6936.16,9738.00
             6931.92,9777.64 6924.81,9816.92 6917.00,9856.00
             6910.67,9887.65 6898.42,9936.41 6888.66,9967.00
             6888.66,9967.00 6881.33,9990.00 6881.33,9990.00
             6880.57,9992.30 6879.18,9997.60 6877.30,9999.01
             6875.63,10000.26 6872.04,10000.00 6870.00,10000.00
             6870.00,10000.00 5879.00,10000.00 5879.00,10000.00
             5879.00,10000.00 5874.28,9961.00 5874.28,9961.00
             5874.28,9961.00 5866.17,9885.00 5866.17,9885.00
             5866.17,9885.00 5861.91,9826.00 5861.91,9826.00
             5859.27,9787.38 5857.06,9748.76 5857.00,9710.00
             5857.00,9710.00 5856.00,9693.00 5856.00,9693.00
             5856.00,9693.00 5856.00,9636.00 5856.00,9636.00
             5856.00,9636.00 5805.00,9648.20 5805.00,9648.20
             5760.51,9657.10 5715.28,9661.00 5670.00,9661.00 Z" />
</svg>
