<?xml version="1.0" encoding="UTF-8" standalone="no"?>
<!DOCTYPE svg PUBLIC "-//W3C//DTD SVG 20010904//EN"
              "http://www.w3.org/TR/2001/REC-SVG-20010904/DTD/svg10.dtd">

<svg xmlns="http://www.w3.org/2000/svg"
     width="8.26772in" height="8.26772in"
     viewBox="0 0 10000 10000">
  <path id="6 Maud Dark Blue"
        fill="none" stroke="black" stroke-width="1"
        d="M 1232.00,2144.00
           C 1232.00,2144.00 1408.00,2144.00 1408.00,2144.00
             1408.00,2144.00 1408.00,2648.00 1408.00,2648.00
             1408.00,2648.00 1912.00,2648.00 1912.00,2648.00
             1912.00,2648.00 1912.00,2824.00 1912.00,2824.00
             1912.00,2824.00 1408.00,2824.00 1408.00,2824.00
             1408.00,2824.00 1408.00,3328.00 1408.00,3328.00
             1408.00,3328.00 1232.00,3328.00 1232.00,3328.00
             1232.00,3328.00 1232.00,2824.00 1232.00,2824.00
             1232.00,2824.00 728.00,2824.00 728.00,2824.00
             728.00,2824.00 728.00,2648.00 728.00,2648.00
             728.00,2648.00 1232.00,2648.00 1232.00,2648.00
             1232.00,2648.00 1232.00,2144.00 1232.00,2144.00 Z
           M 8704.00,2176.00
           C 8704.00,2176.00 8880.00,2176.00 8880.00,2176.00
             8880.00,2176.00 8880.00,2680.00 8880.00,2680.00
             8880.00,2680.00 9384.00,2680.00 9384.00,2680.00
             9384.00,2680.00 9384.00,2856.00 9384.00,2856.00
             9384.00,2856.00 8880.00,2856.00 8880.00,2856.00
             8880.00,2856.00 8880.00,3360.00 8880.00,3360.00
             8880.00,3360.00 8704.00,3360.00 8704.00,3360.00
             8704.00,3360.00 8704.00,2856.00 8704.00,2856.00
             8704.00,2856.00 8200.00,2856.00 8200.00,2856.00
             8200.00,2856.00 8200.00,2680.00 8200.00,2680.00
             8200.00,2680.00 8704.00,2680.00 8704.00,2680.00
             8704.00,2680.00 8704.00,2176.00 8704.00,2176.00 Z
           M 3506.00,9372.00
           C 3506.00,9372.00 3576.00,9372.00 3576.00,9372.00
             3576.00,9372.00 3591.00,9373.00 3591.00,9373.00
             3591.00,9373.00 3611.00,9373.00 3611.00,9373.00
             3611.00,9373.00 3628.00,9374.00 3628.00,9374.00
             3628.00,9374.00 3654.00,9375.00 3654.00,9375.00
             3654.00,9375.00 3668.00,9376.00 3668.00,9376.00
             3668.00,9376.00 3672.00,9376.00 3672.00,9376.00
             3683.74,9376.17 3679.15,9381.26 3679.00,9393.00
             3679.00,9393.00 3678.00,9411.00 3678.00,9411.00
             3678.00,9411.00 3677.00,9429.00 3677.00,9429.00
             3677.00,9429.00 3677.00,9444.00 3677.00,9444.00
             3677.00,9444.00 3676.00,9461.00 3676.00,9461.00
             3676.00,9461.00 3676.00,9508.00 3676.00,9508.00
             3676.08,9514.68 3679.18,9523.15 3675.00,9529.00
             3677.74,9531.46 3676.99,9534.53 3677.00,9538.00
             3677.00,9538.00 3678.00,9553.00 3678.00,9553.00
             3678.31,9580.18 3683.31,9631.50 3687.13,9659.00
             3697.97,9737.09 3711.55,9806.48 3735.02,9882.00
             3735.02,9882.00 3763.42,9963.00 3763.42,9963.00
             3763.42,9963.00 3778.00,10000.00 3778.00,10000.00
             3778.00,10000.00 3599.00,10000.00 3599.00,10000.00
             3596.79,10000.00 3593.29,10000.22 3591.42,9998.98
             3589.04,9997.40 3587.91,9992.64 3586.95,9990.00
             3586.95,9990.00 3578.33,9967.00 3578.33,9967.00
             3567.38,9934.14 3553.01,9888.42 3545.79,9855.00
             3545.79,9855.00 3536.42,9815.00 3536.42,9815.00
             3536.42,9815.00 3524.42,9754.00 3524.42,9754.00
             3516.53,9710.24 3509.96,9658.29 3506.91,9614.00
             3506.91,9614.00 3505.00,9595.00 3505.00,9595.00
             3505.00,9595.00 3505.00,9586.00 3505.00,9586.00
             3505.00,9586.00 3504.00,9574.00 3504.00,9574.00
             3504.00,9574.00 3503.00,9556.00 3503.00,9556.00
             3503.00,9556.00 3503.00,9525.00 3503.00,9525.00
             3503.00,9525.00 3502.00,9510.00 3502.00,9510.00
             3502.00,9510.00 3502.00,9463.00 3502.00,9463.00
             3502.00,9463.00 3503.00,9448.00 3503.00,9448.00
             3503.00,9448.00 3503.00,9431.00 3503.00,9431.00
             3503.00,9431.00 3504.00,9414.00 3504.00,9414.00
             3504.00,9414.00 3506.00,9372.00 3506.00,9372.00 Z
           M 6982.00,9372.00
           C 6982.00,9372.00 7057.00,9373.00 7057.00,9373.00
             7057.00,9373.00 7072.00,9374.00 7072.00,9374.00
             7072.00,9374.00 7090.00,9374.00 7090.00,9374.00
             7095.47,9374.01 7103.51,9374.60 7107.15,9379.39
             7109.30,9382.22 7109.75,9392.12 7110.16,9396.00
             7110.16,9396.00 7114.17,9435.00 7114.17,9435.00
             7117.94,9473.90 7119.94,9512.89 7120.00,9552.00
             7120.00,9552.00 7121.00,9569.00 7121.00,9569.00
             7121.00,9569.00 7121.00,9585.00 7121.00,9585.00
             7121.00,9585.00 7120.00,9600.00 7120.00,9600.00
             7120.00,9600.00 7120.00,9632.00 7120.00,9632.00
             7120.00,9632.00 7116.00,9633.00 7116.00,9633.00
             7116.00,9633.00 7120.00,9633.00 7120.00,9633.00
             7120.00,9633.00 7118.00,9679.00 7118.00,9679.00
             7118.00,9679.00 7117.09,9689.00 7117.09,9689.00
             7117.09,9689.00 7114.17,9724.00 7114.17,9724.00
             7107.92,9788.52 7098.43,9852.76 7083.88,9916.00
             7083.88,9916.00 7067.88,9980.00 7067.88,9980.00
             7066.94,9983.58 7063.93,9997.15 7061.44,9998.98
             7059.73,10000.23 7056.09,10000.00 7054.00,10000.00
             7054.00,10000.00 6879.00,10000.00 6879.00,10000.00
             6879.00,10000.00 6884.28,9983.00 6884.28,9983.00
             6884.28,9983.00 6898.58,9935.00 6898.58,9935.00
             6910.03,9893.81 6918.99,9852.05 6926.58,9810.00
             6926.58,9810.00 6937.85,9731.00 6937.85,9731.00
             6937.85,9731.00 6940.72,9704.00 6940.72,9704.00
             6941.03,9701.38 6940.85,9697.27 6941.74,9695.04
             6943.35,9691.00 6956.05,9681.60 6960.00,9677.91
             6969.70,9668.86 6978.70,9657.08 6986.00,9646.00
             7003.77,9619.00 7013.52,9586.07 7016.08,9554.00
             7016.08,9554.00 7017.00,9542.00 7017.00,9542.00
             7017.00,9542.00 7017.00,9514.00 7017.00,9514.00
             7017.00,9514.00 7016.09,9504.00 7016.09,9504.00
             7013.80,9472.70 7006.39,9441.73 6996.49,9412.00
             6996.49,9412.00 6982.00,9372.00 6982.00,9372.00 Z
           M 7107.00,9375.00
           C 7107.00,9375.00 7108.00,9375.00 7108.00,9375.00
             7108.00,9375.00 7107.00,9376.00 7107.00,9376.00
             7107.00,9376.00 7107.00,9375.00 7107.00,9375.00 Z" />
</svg>
