<?xml version="1.0" encoding="UTF-8" standalone="no"?>
<!DOCTYPE svg PUBLIC "-//W3C//DTD SVG 20010904//EN"
              "http://www.w3.org/TR/2001/REC-SVG-20010904/DTD/svg10.dtd">

<svg xmlns="http://www.w3.org/2000/svg"
     width="8.26772in" height="8.26772in"
     viewBox="0 0 10000 10000">
  <path id="7 Maud Light Blue"
        fill="none" stroke="black" stroke-width="1"
        d="M 1232.00,2144.00
           C 1232.00,2144.00 1408.00,2144.00 1408.00,2144.00
             1408.00,2144.00 1408.00,2648.00 1408.00,2648.00
             1408.00,2648.00 1912.00,2648.00 1912.00,2648.00
             1912.00,2648.00 1912.00,2824.00 1912.00,2824.00
             1912.00,2824.00 1408.00,2824.00 1408.00,2824.00
             1408.00,2824.00 1408.00,3328.00 1408.00,3328.00
             1408.00,3328.00 1232.00,3328.00 1232.00,3328.00
             1232.00,3328.00 1232.00,2824.00 1232.00,2824.00
             1232.00,2824.00 728.00,2824.00 728.00,2824.00
             728.00,2824.00 728.00,2648.00 728.00,2648.00
             728.00,2648.00 1232.00,2648.00 1232.00,2648.00
             1232.00,2648.00 1232.00,2144.00 1232.00,2144.00 Z
           M 8704.00,2176.00
           C 8704.00,2176.00 8880.00,2176.00 8880.00,2176.00
             8880.00,2176.00 8880.00,2680.00 8880.00,2680.00
             8880.00,2680.00 9384.00,2680.00 9384.00,2680.00
             9384.00,2680.00 9384.00,2856.00 9384.00,2856.00
             9384.00,2856.00 8880.00,2856.00 8880.00,2856.00
             8880.00,2856.00 8880.00,3360.00 8880.00,3360.00
             8880.00,3360.00 8704.00,3360.00 8704.00,3360.00
             8704.00,3360.00 8704.00,2856.00 8704.00,2856.00
             8704.00,2856.00 8200.00,2856.00 8200.00,2856.00
             8200.00,2856.00 8200.00,2680.00 8200.00,2680.00
             8200.00,2680.00 8704.00,2680.00 8704.00,2680.00
             8704.00,2680.00 8704.00,2176.00 8704.00,2176.00 Z
           M 3503.00,9543.00
           C 3503.00,9543.00 3525.00,9541.17 3525.00,9541.17
             3525.00,9541.17 3549.00,9539.17 3549.00,9539.17
             3549.00,9539.17 3581.00,9536.83 3581.00,9536.83
             3581.00,9536.83 3640.00,9531.91 3640.00,9531.91
             3640.00,9531.91 3677.00,9529.00 3677.00,9529.00
             3677.00,9529.00 3678.00,9558.00 3678.00,9558.00
             3678.00,9558.00 3678.96,9570.00 3678.96,9570.00
             3678.96,9570.00 3684.84,9639.00 3684.84,9639.00
             3688.35,9671.86 3693.30,9704.51 3699.39,9737.00
             3699.39,9737.00 3705.88,9770.00 3705.88,9770.00
             3705.88,9770.00 3725.14,9848.00 3725.14,9848.00
             3725.14,9848.00 3731.42,9870.00 3731.42,9870.00
             3732.10,9872.32 3733.84,9876.63 3733.22,9878.90
             3732.36,9882.06 3725.78,9885.47 3723.00,9887.19
             3723.00,9887.19 3697.00,9903.69 3697.00,9903.69
             3697.00,9903.69 3621.00,9952.00 3621.00,9952.00
             3621.00,9952.00 3597.00,9967.31 3597.00,9967.31
             3592.16,9970.42 3586.53,9974.65 3581.00,9976.00
             3581.00,9976.00 3567.02,9932.00 3567.02,9932.00
             3567.02,9932.00 3546.89,9860.00 3546.89,9860.00
             3529.41,9790.05 3517.00,9718.72 3509.83,9647.00
             3509.83,9647.00 3505.00,9595.00 3505.00,9595.00
             3505.00,9595.00 3505.00,9586.00 3505.00,9586.00
             3505.00,9586.00 3503.00,9543.00 3503.00,9543.00 Z
           M 6998.00,9623.00
           C 6998.00,9623.00 7031.00,9625.83 7031.00,9625.83
             7031.00,9625.83 7086.00,9630.17 7086.00,9630.17
             7086.00,9630.17 7120.00,9633.00 7120.00,9633.00
             7120.00,9633.00 7118.00,9679.00 7118.00,9679.00
             7118.00,9679.00 7117.09,9689.00 7117.09,9689.00
             7117.09,9689.00 7114.17,9724.00 7114.17,9724.00
             7107.92,9788.52 7098.43,9852.76 7083.88,9916.00
             7083.88,9916.00 7067.88,9980.00 7067.88,9980.00
             7066.94,9983.58 7063.93,9997.15 7061.44,9998.98
             7059.73,10000.23 7056.09,10000.00 7054.00,10000.00
             7054.00,10000.00 6943.00,10000.00 6943.00,10000.00
             6940.82,10000.00 6938.08,10000.09 6936.00,9999.49
             6933.16,9998.68 6927.80,9994.93 6925.00,9993.19
             6925.00,9993.19 6902.00,9978.58 6902.00,9978.58
             6899.01,9976.70 6890.70,9972.13 6889.77,9968.90
             6888.95,9966.06 6893.53,9952.68 6894.58,9949.00
             6894.58,9949.00 6907.63,9900.00 6907.63,9900.00
             6919.38,9852.98 6928.39,9805.05 6934.72,9757.00
             6934.72,9757.00 6939.83,9713.00 6939.83,9713.00
             6940.20,9709.36 6940.86,9696.53 6942.17,9694.09
             6943.85,9690.97 6958.14,9679.79 6962.00,9675.99
             6973.30,9664.83 6993.67,9638.17 6998.00,9623.00 Z" />
</svg>
