<?xml version="1.0" encoding="UTF-8" standalone="no"?>
<!DOCTYPE svg PUBLIC "-//W3C//DTD SVG 20010904//EN"
              "http://www.w3.org/TR/2001/REC-SVG-20010904/DTD/svg10.dtd">

<svg xmlns="http://www.w3.org/2000/svg"
     width="8.26772in" height="8.26772in"
     viewBox="0 0 10000 10000">
  <path id="8 Maud White"
        fill="none" stroke="black" stroke-width="1"
        d="M 1232.00,2144.00
           C 1232.00,2144.00 1408.00,2144.00 1408.00,2144.00
             1408.00,2144.00 1408.00,2648.00 1408.00,2648.00
             1408.00,2648.00 1912.00,2648.00 1912.00,2648.00
             1912.00,2648.00 1912.00,2824.00 1912.00,2824.00
             1912.00,2824.00 1408.00,2824.00 1408.00,2824.00
             1408.00,2824.00 1408.00,3328.00 1408.00,3328.00
             1408.00,3328.00 1232.00,3328.00 1232.00,3328.00
             1232.00,3328.00 1232.00,2824.00 1232.00,2824.00
             1232.00,2824.00 728.00,2824.00 728.00,2824.00
             728.00,2824.00 728.00,2648.00 728.00,2648.00
             728.00,2648.00 1232.00,2648.00 1232.00,2648.00
             1232.00,2648.00 1232.00,2144.00 1232.00,2144.00 Z
           M 8704.00,2176.00
           C 8704.00,2176.00 8880.00,2176.00 8880.00,2176.00
             8880.00,2176.00 8880.00,2680.00 8880.00,2680.00
             8880.00,2680.00 9384.00,2680.00 9384.00,2680.00
             9384.00,2680.00 9384.00,2856.00 9384.00,2856.00
             9384.00,2856.00 8880.00,2856.00 8880.00,2856.00
             8880.00,2856.00 8880.00,3360.00 8880.00,3360.00
             8880.00,3360.00 8704.00,3360.00 8704.00,3360.00
             8704.00,3360.00 8704.00,2856.00 8704.00,2856.00
             8704.00,2856.00 8200.00,2856.00 8200.00,2856.00
             8200.00,2856.00 8200.00,2680.00 8200.00,2680.00
             8200.00,2680.00 8704.00,2680.00 8704.00,2680.00
             8704.00,2680.00 8704.00,2176.00 8704.00,2176.00 Z
           M 2788.00,9413.00
           C 2788.00,9413.00 2798.00,9412.02 2798.00,9412.02
             2798.00,9412.02 2808.00,9412.02 2808.00,9412.02
             2808.00,9412.02 2816.00,9411.09 2816.00,9411.09
             2816.00,9411.09 2855.00,9408.91 2855.00,9408.91
             2855.00,9408.91 2875.00,9407.09 2875.00,9407.09
             2875.00,9407.09 2934.00,9402.91 2934.00,9402.91
             2934.00,9402.91 2953.00,9401.09 2953.00,9401.09
             2953.00,9401.09 2998.00,9397.83 2998.00,9397.83
             2998.00,9397.83 3047.00,9393.91 3047.00,9393.91
             3047.00,9393.91 3066.00,9392.09 3066.00,9392.09
             3066.00,9392.09 3132.00,9387.09 3132.00,9387.09
             3132.00,9387.09 3184.00,9383.91 3184.00,9383.91
             3184.00,9383.91 3212.00,9382.00 3212.00,9382.00
             3212.00,9382.00 3226.00,9381.00 3226.00,9381.00
             3226.00,9381.00 3248.00,9380.00 3248.00,9380.00
             3248.00,9380.00 3258.00,9379.00 3258.00,9379.00
             3258.00,9379.00 3270.00,9379.00 3270.00,9379.00
             3270.00,9379.00 3282.00,9378.00 3282.00,9378.00
             3282.00,9378.00 3302.00,9377.00 3302.00,9377.00
             3302.00,9377.00 3321.00,9376.00 3321.00,9376.00
             3321.00,9376.00 3333.00,9376.00 3333.00,9376.00
             3333.00,9376.00 3348.00,9375.00 3348.00,9375.00
             3348.00,9375.00 3392.00,9374.00 3392.00,9374.00
             3392.00,9374.00 3409.00,9373.00 3409.00,9373.00
             3409.00,9373.00 3436.00,9373.00 3436.00,9373.00
             3436.00,9373.00 3453.00,9372.00 3453.00,9372.00
             3453.00,9372.00 3506.00,9372.00 3506.00,9372.00
             3506.00,9372.00 3503.91,9402.00 3503.91,9402.00
             3503.91,9402.00 3503.00,9422.00 3503.00,9422.00
             3503.00,9422.00 3502.00,9438.00 3502.00,9438.00
             3502.00,9438.00 3502.00,9466.00 3502.00,9466.00
             3502.00,9466.00 3501.05,9478.00 3501.05,9478.00
             3501.05,9478.00 3501.05,9492.00 3501.05,9492.00
             3501.05,9492.00 3502.00,9507.00 3502.00,9507.00
             3502.00,9507.00 3502.00,9537.00 3502.00,9537.00
             3502.00,9537.00 3502.96,9549.00 3502.96,9549.00
             3502.96,9549.00 3502.96,9562.00 3502.96,9562.00
             3502.96,9562.00 3505.00,9588.00 3505.00,9588.00
             3505.00,9588.00 3505.00,9597.00 3505.00,9597.00
             3505.00,9597.00 3510.84,9658.00 3510.84,9658.00
             3518.98,9734.12 3533.16,9810.09 3553.15,9884.00
             3553.15,9884.00 3577.67,9965.00 3577.67,9965.00
             3577.67,9965.00 3590.00,10000.00 3590.00,10000.00
             3590.00,10000.00 2864.00,10000.00 2864.00,10000.00
             2861.92,10000.00 2858.26,10000.23 2856.56,9998.98
             2854.67,9997.58 2853.93,9993.25 2853.37,9991.00
             2853.37,9991.00 2848.35,9969.00 2848.35,9969.00
             2848.35,9969.00 2826.75,9864.00 2826.75,9864.00
             2815.47,9799.17 2806.17,9734.47 2799.83,9669.00
             2799.83,9669.00 2793.91,9595.00 2793.91,9595.00
             2793.91,9595.00 2792.00,9563.00 2792.00,9563.00
             2792.00,9563.00 2791.00,9548.00 2791.00,9548.00
             2791.00,9548.00 2790.00,9513.00 2790.00,9513.00
             2790.00,9513.00 2789.00,9496.00 2789.00,9496.00
             2789.00,9496.00 2789.00,9460.00 2789.00,9460.00
             2789.00,9460.00 2788.00,9445.00 2788.00,9445.00
             2788.00,9445.00 2788.00,9413.00 2788.00,9413.00 Z
           M 6340.00,9458.00
           C 6340.00,9458.00 6366.00,9450.42 6366.00,9450.42
             6366.00,9450.42 6429.00,9432.88 6429.00,9432.88
             6473.49,9421.19 6518.74,9411.74 6564.00,9403.58
             6564.00,9403.58 6629.00,9393.05 6629.00,9393.05
             6629.00,9393.05 6673.00,9387.16 6673.00,9387.16
             6673.00,9387.16 6772.00,9377.91 6772.00,9377.91
             6772.00,9377.91 6820.00,9375.00 6820.00,9375.00
             6820.00,9375.00 6830.00,9374.04 6830.00,9374.04
             6830.00,9374.04 6842.00,9374.04 6842.00,9374.04
             6842.00,9374.04 6857.00,9373.00 6857.00,9373.00
             6857.00,9373.00 6873.00,9373.00 6873.00,9373.00
             6873.00,9373.00 6889.00,9372.00 6889.00,9372.00
             6889.00,9372.00 6973.00,9372.00 6973.00,9372.00
             6975.10,9372.00 6978.61,9371.75 6980.35,9372.99
             6982.64,9374.63 6986.55,9385.83 6987.80,9389.00
             6994.96,9407.23 7000.88,9426.00 7005.63,9445.00
             7009.98,9462.41 7015.79,9492.40 7016.00,9510.00
             7016.00,9510.00 7016.99,9531.00 7016.99,9531.00
             7016.99,9531.00 7016.00,9548.00 7016.00,9548.00
             7016.00,9548.00 7014.13,9566.00 7014.13,9566.00
             7008.79,9604.49 6993.45,9643.86 6965.99,9672.00
             6895.33,9744.41 6785.05,9739.66 6695.00,9713.86
             6695.00,9713.86 6649.00,9698.00 6649.00,9698.00
             6649.00,9698.00 6594.00,9673.25 6594.00,9673.25
             6572.56,9662.50 6548.99,9648.60 6529.00,9635.33
             6502.66,9617.85 6478.25,9599.53 6454.00,9579.25
             6424.98,9554.97 6392.05,9522.68 6367.42,9494.00
             6367.42,9494.00 6349.00,9472.00 6349.00,9472.00
             6345.56,9467.67 6341.53,9463.39 6340.00,9458.00 Z
           M 7108.00,9375.00
           C 7108.00,9375.00 7145.00,9376.00 7145.00,9376.00
             7145.00,9376.00 7162.00,9377.00 7162.00,9377.00
             7162.00,9377.00 7187.00,9378.00 7187.00,9378.00
             7187.00,9378.00 7201.00,9379.00 7201.00,9379.00
             7201.00,9379.00 7222.00,9380.00 7222.00,9380.00
             7222.00,9380.00 7243.00,9381.00 7243.00,9381.00
             7243.00,9381.00 7269.00,9382.91 7269.00,9382.91
             7269.00,9382.91 7328.00,9386.91 7328.00,9386.91
             7328.00,9386.91 7541.00,9403.09 7541.00,9403.09
             7541.00,9403.09 7573.00,9405.91 7573.00,9405.91
             7573.00,9405.91 7637.00,9410.09 7637.00,9410.09
             7637.00,9410.09 7666.00,9412.00 7666.00,9412.00
             7666.00,9412.00 7680.00,9413.00 7680.00,9413.00
             7680.00,9413.00 7680.00,9455.00 7680.00,9455.00
             7680.00,9455.00 7679.00,9472.00 7679.00,9472.00
             7679.00,9472.00 7679.00,9503.00 7679.00,9503.00
             7679.00,9503.00 7678.00,9518.00 7678.00,9518.00
             7678.00,9518.00 7677.00,9550.00 7677.00,9550.00
             7677.00,9550.00 7676.00,9569.00 7676.00,9569.00
             7676.00,9569.00 7675.09,9581.00 7675.09,9581.00
             7675.09,9581.00 7673.91,9605.00 7673.91,9605.00
             7673.91,9605.00 7672.09,9625.00 7672.09,9625.00
             7667.07,9698.05 7654.99,9793.07 7641.20,9865.00
             7641.20,9865.00 7619.87,9969.00 7619.87,9969.00
             7619.87,9969.00 7614.63,9991.00 7614.63,9991.00
             7614.06,9993.25 7613.34,9997.58 7611.44,9998.98
             7609.74,10000.23 7606.08,10000.00 7604.00,10000.00
             7604.00,10000.00 7063.00,10000.00 7063.00,10000.00
             7063.53,9994.16 7065.63,9988.64 7067.12,9983.00
             7067.12,9983.00 7077.13,9945.00 7077.13,9945.00
             7085.54,9911.29 7092.41,9877.18 7098.58,9843.00
             7105.56,9804.25 7110.25,9765.14 7114.17,9726.00
             7114.17,9726.00 7118.00,9684.00 7118.00,9684.00
             7118.00,9684.00 7118.00,9675.00 7118.00,9675.00
             7118.00,9675.00 7119.00,9660.00 7119.00,9660.00
             7119.00,9660.00 7120.04,9647.00 7120.04,9647.00
             7120.04,9647.00 7120.04,9633.00 7120.04,9633.00
             7120.04,9633.00 7121.00,9621.00 7121.00,9621.00
             7121.00,9621.00 7121.00,9533.00 7121.00,9533.00
             7121.00,9533.00 7120.00,9518.00 7120.00,9518.00
             7120.00,9518.00 7119.00,9489.00 7119.00,9489.00
             7119.00,9489.00 7118.04,9478.00 7118.04,9478.00
             7118.04,9478.00 7113.17,9418.00 7113.17,9418.00
             7113.17,9418.00 7108.00,9375.00 7108.00,9375.00 Z
           M 4006.00,9425.00
           C 4006.00,9425.00 4050.00,9435.85 4050.00,9435.85
             4050.00,9435.85 4133.00,9459.98 4133.00,9459.98
             4248.70,9495.94 4359.53,9544.76 4472.00,9589.40
             4507.20,9603.37 4542.85,9616.05 4579.00,9627.34
             4579.00,9627.34 4602.00,9634.14 4602.00,9634.14
             4604.23,9634.77 4609.64,9635.96 4611.01,9637.72
             4612.45,9639.58 4611.98,9645.55 4612.00,9648.00
             4612.00,9648.00 4612.82,9660.00 4612.82,9660.00
             4612.82,9660.00 4612.00,9671.00 4612.00,9671.00
             4612.00,9671.00 4612.00,9720.00 4612.00,9720.00
             4612.00,9720.00 4611.00,9735.00 4611.00,9735.00
             4611.00,9735.00 4611.00,9749.00 4611.00,9749.00
             4611.00,9749.00 4610.04,9760.00 4610.04,9760.00
             4610.04,9760.00 4610.04,9772.00 4610.04,9772.00
             4610.04,9772.00 4609.00,9792.00 4609.00,9792.00
             4608.96,9794.69 4607.92,9810.13 4606.98,9811.61
             4605.77,9813.51 4602.00,9815.44 4600.00,9816.58
             4593.88,9820.04 4587.53,9822.99 4581.00,9825.60
             4553.11,9836.76 4522.85,9840.35 4493.00,9840.00
             4493.00,9840.00 4483.00,9839.09 4483.00,9839.09
             4430.95,9835.53 4383.30,9820.97 4336.00,9799.31
             4235.15,9753.13 4143.63,9672.50 4080.28,9582.00
             4057.64,9549.65 4037.48,9513.69 4022.80,9477.00
             4016.97,9462.42 4009.05,9440.19 4006.00,9425.00 Z
           M 6235.00,9633.38
           C 6235.00,9633.38 6239.00,9633.38 6239.00,9633.38
             6239.00,9633.38 6253.00,9634.17 6253.00,9634.17
             6275.20,9636.29 6296.21,9643.83 6316.00,9653.75
             6387.38,9689.53 6439.94,9771.61 6439.00,9852.00
             6439.00,9852.00 6438.09,9862.00 6438.09,9862.00
             6434.54,9910.52 6408.75,9952.36 6362.00,9969.94
             6343.32,9976.96 6327.50,9977.22 6308.00,9977.00
             6281.87,9976.69 6249.15,9963.76 6227.00,9950.40
             6159.58,9909.73 6115.08,9835.13 6116.00,9756.00
             6116.49,9714.80 6138.14,9669.56 6175.00,9649.31
             6190.13,9641.00 6202.95,9636.87 6220.00,9634.43
             6220.00,9634.43 6235.00,9633.38 6235.00,9633.38 Z
           M 4005.00,9761.42
           C 4023.77,9759.14 4044.23,9763.07 4062.00,9769.00
             4116.53,9787.19 4163.16,9837.99 4181.33,9892.00
             4190.51,9919.28 4193.77,9945.58 4188.20,9974.00
             4186.99,9980.15 4185.11,9986.12 4182.95,9992.00
             4182.24,9993.93 4180.95,9997.79 4179.30,9999.01
             4177.62,10000.26 4174.06,10000.00 4172.00,10000.00
             4172.00,10000.00 3977.00,10000.00 3977.00,10000.00
             3974.93,10000.00 3971.92,10000.11 3970.00,9999.40
             3965.86,9997.86 3958.20,9987.79 3955.21,9984.00
             3940.60,9965.47 3931.84,9948.97 3923.58,9927.00
             3904.37,9875.93 3909.60,9806.09 3961.00,9775.45
             3976.30,9766.33 3987.79,9763.92 4005.00,9761.42 Z" />
</svg>
